Date        Box_A     Box_B     Box_C     EMI(=Box_A-0.5*Box_B-0.5*Box_C)
1870:1:16:0 -0.23728 -0.96828 0.318795 0.0874624
1870:2:16:0 -0.893469 -0.677759 0.188746 -0.648963
1870:3:16:0 -0.708892 -0.353176 0.182843 -0.623725
1870:4:16:0 -0.729457 -0.333903 0.00832393 -0.566668
1870:5:16:0 -0.798636 -0.602568 -0.107019 -0.443843
1870:6:16:0 -0.812835 -0.847315 -0.239312 -0.269521
1870:7:16:0 -0.701562 -0.794655 -0.250212 -0.179129
1870:8:16:0 -0.613226 -0.698937 -0.0724765 -0.227519
1870:9:16:0 -0.161926 -0.789091 -0.163697 0.314468
1870:10:16:0 -0.241241 -1.09696 -0.0984815 0.356479
1870:11:16:0 -0.318294 -0.930987 -0.024564 0.159481
1870:12:16:0 -0.433538 -0.798066 -0.132561 0.0317757
1871:1:16:0 -0.309344 -0.312307 -0.0440621 -0.131159
1871:2:16:0 -0.318567 -0.269704 -0.0629252 -0.152252
1871:3:16:0 -0.311773 -0.355261 -0.0120959 -0.128095
1871:4:16:0 -0.182046 -0.299901 -0.000404941 -0.0318928
1871:5:16:0 -0.424299 -0.489664 0.0244992 -0.191717
1871:6:16:0 -0.371856 -0.255491 -0.0362482 -0.225987
1871:7:16:0 -0.432853 -0.14835 -0.0157224 -0.350817
1871:8:16:0 -0.202048 -0.157712 -0.0852032 -0.0805901
1871:9:16:0 -0.11564 -0.331443 -0.304193 0.202178
1871:10:16:0 -0.159289 -0.30265 -0.342208 0.16314
1871:11:16:0 -0.20353 -0.247411 -0.0321217 -0.0637637
1871:12:16:0 -0.413273 -0.571311 0.0245369 -0.139886
1872:1:16:0 -0.456903 -0.736411 0.0703655 -0.123881
1872:2:16:0 -0.405463 -0.796786 0.0573251 -0.0357324
1872:3:16:0 -0.258546 -0.693436 0.0862359 0.0450543
1872:4:16:0 -0.523915 -0.668828 -0.0257702 -0.176616
1872:5:16:0 -0.415721 -0.640658 0.0220342 -0.106409
1872:6:16:0 -0.450451 -0.540723 0.064582 -0.21238
1872:7:16:0 -0.337741 -0.4097 0.176007 -0.220894
1872:8:16:0 -0.682499 -0.610015 0.332454 -0.543718
1872:9:16:0 -0.709763 -0.593903 0.37792 -0.601771
1872:10:16:0 -0.587157 -0.83972 0.149393 -0.241994
1872:11:16:0 -0.475622 -0.640718 0.120253 -0.215389
1872:12:16:0 -0.616049 -0.720942 0.171117 -0.341136
1873:1:16:0 -0.520091 -0.736433 0.27188 -0.287814
1873:2:16:0 -0.701996 -0.970164 0.114201 -0.274015
1873:3:16:0 -0.831278 -1.3661 0.0886629 -0.192561
1873:4:16:0 -0.505826 -0.758435 0.0873109 -0.170264
1873:5:16:0 -0.331311 -0.831332 0.0378266 0.0654415
1873:6:16:0 -0.529451 -0.471545 -0.0749444 -0.256206
1873:7:16:0 -0.467159 -0.336042 0.0254061 -0.311841
1873:8:16:0 -0.361714 -0.379552 -0.0135241 -0.165176
1873:9:16:0 -0.29517 -0.677092 -0.035429 0.0610903
1873:10:16:0 -0.534446 -0.995278 -0.114334 0.0203598
1873:11:16:0 -0.50395 -0.997976 -0.115296 0.0526857
1873:12:16:0 -0.372864 -0.930256 -0.24087 0.212699
1874:1:16:0 -0.433543 -1.02284 0.0157794 0.0699867
1874:2:16:0 -0.571004 -1.18322 0.0103763 0.0154179
1874:3:16:0 -0.819668 -1.01209 0.112682 -0.369965
1874:4:16:0 -0.515966 -0.890235 0.104134 -0.122916
1874:5:16:0 -0.487924 -0.359403 -0.0602314 -0.278106
1874:6:16:0 -0.448809 -0.635553 0.0139157 -0.13799
1874:7:16:0 -0.530097 -0.782222 0.0610836 -0.169528
1874:8:16:0 -0.617615 -0.981262 0.00713551 -0.130552
1874:9:16:0 -0.839866 -0.822652 -0.0142249 -0.421427
1874:10:16:0 -0.945369 -0.821773 -0.165919 -0.451522
1874:11:16:0 -0.941738 -0.70075 -0.156197 -0.513264
1874:12:16:0 -0.784804 -0.699275 -0.0166183 -0.426858
1875:1:16:0 -0.435168 -0.505433 -0.0585926 -0.153155
1875:2:16:0 -0.279289 -0.379626 -0.187486 0.00426719
1875:3:16:0 -0.42181 -0.498085 -0.19483 -0.075353
1875:4:16:0 -0.729184 -0.476228 -0.0920842 -0.445028
1875:5:16:0 -0.857798 -0.894562 0.126378 -0.473706
1875:6:16:0 -0.766715 -0.687623 -0.185369 -0.330218
1875:7:16:0 -0.88243 -1.02865 -0.19885 -0.268679
1875:8:16:0 -0.839914 -0.783432 -0.0695557 -0.413421
1875:9:16:0 -0.807789 -0.813327 0.0485573 -0.425404
1875:10:16:0 -0.601968 -0.86934 0.0688857 -0.201741
1875:11:16:0 -0.327865 -0.910117 0.13473 0.0598282
1875:12:16:0 -0.551156 -1.07625 -0.046745 0.0103424
1876:1:16:0 -0.629322 -1.26392 0.056514 -0.0256197
1876:2:16:0 -0.711278 -1.28454 0.136376 -0.137194
1876:3:16:0 -0.509225 -1.11212 0.174884 -0.0406089
1876:4:16:0 -0.671592 -1.16024 0.0670742 -0.125011
1876:5:16:0 -0.564415 -1.02505 -0.116831 0.00652307
1876:6:16:0 -0.345781 -0.722097 -0.535318 0.282926
1876:7:16:0 -0.362424 -0.396301 -0.518417 0.0949352
1876:8:16:0 -0.212858 -0.29295 -0.438492 0.152863
1876:9:16:0 -0.148488 -0.0349395 -0.45081 0.0943863
1876:10:16:0 -0.104589 0.450711 -0.300459 -0.179715
1876:11:16:0 -0.0870853 0.486103 -0.240095 -0.210089
1876:12:16:0 0.0139348 0.42718 -0.176044 -0.111633
1877:1:16:0 0.0592578 0.0910178 -0.12547 0.0764837
1877:2:16:0 0.416349 0.278808 -0.196766 0.375328
1877:3:16:0 0.302406 0.264761 -0.227439 0.283745
1877:4:16:0 0.233113 0.105848 -0.285397 0.322888
1877:5:16:0 0.366914 0.0708624 -0.240187 0.451576
1877:6:16:0 0.593725 -0.101043 -0.235697 0.762095
1877:7:16:0 0.733511 0.954922 -0.309893 0.410996
1877:8:16:0 0.736228 1.14605 -0.340534 0.333468
1877:9:16:0 0.866149 1.77867 -0.173159 0.0633948
1877:10:16:0 1.03445 1.8795 -0.261111 0.225251
1877:11:16:0 1.06953 1.91784 -0.155076 0.188142
1877:12:16:0 1.20125 2.00317 -0.0519598 0.225646
1878:1:16:0 1.14464 1.94194 0.00579367 0.170775
1878:2:16:0 1.17849 1.85397 -0.00694976 0.254984
1878:3:16:0 0.746612 0.915131 0.0229433 0.277575
1878:4:16:0 0.539652 0.760347 0.0731469 0.122905
1878:5:16:0 0.49773 0.557319 0.0462144 0.195963
1878:6:16:0 0.805025 0.54606 -0.0400523 0.552021
1878:7:16:0 0.287795 0.483865 0.109485 -0.00887921
1878:8:16:0 0.0233263 0.170129 0.154294 -0.138885
1878:9:16:0 -0.153562 -0.138033 0.185558 -0.177325
1878:10:16:0 -0.266149 -0.169183 0.146747 -0.254931
1878:11:16:0 -0.227992 -0.480743 0.222048 -0.0986444
1878:12:16:0 -0.23749 -0.184723 0.16382 -0.227038
1879:1:16:0 -0.0900369 -0.0866472 0.237787 -0.165607
1879:2:16:0 -0.100056 -0.104363 0.172404 -0.134076
1879:3:16:0 -0.071706 -0.220516 0.12411 -0.0235034
1879:4:16:0 -0.210079 -0.335966 0.0146491 -0.0494211
1879:5:16:0 -0.470662 -0.512217 0.198825 -0.313966
1879:6:16:0 -0.632405 -0.244223 0.325503 -0.673045
1879:7:16:0 -0.645404 -0.107661 0.317528 -0.750337
1879:8:16:0 -0.562045 -0.141115 0.19378 -0.588378
1879:9:16:0 -0.510185 -0.213672 0.222601 -0.514649
1879:10:16:0 -0.669743 -0.28233 0.0316815 -0.544419
1879:11:16:0 -0.751234 -0.455406 -0.0249931 -0.511034
1879:12:16:0 -0.551399 -0.256966 -0.228494 -0.308669
1880:1:16:0 -0.376077 -0.442403 -0.0864937 -0.111629
1880:2:16:0 -0.30126 -0.0955988 -0.0759941 -0.215464
1880:3:16:0 -0.33486 -0.354637 -0.0459611 -0.134561
1880:4:16:0 -0.335734 -0.314497 -0.125508 -0.115731
1880:5:16:0 -0.404199 -0.32611 -0.178459 -0.151914
1880:6:16:0 -0.46452 -0.477319 -0.268298 -0.091711
1880:7:16:0 -0.379283 -0.018875 -0.209808 -0.264942
1880:8:16:0 -0.385656 0.218185 -0.154174 -0.417662
1880:9:16:0 -0.259165 0.466026 -0.199146 -0.392605
1880:10:16:0 -0.0413838 0.537279 -0.169663 -0.225192
1880:11:16:0 0.134892 0.580773 -0.144188 -0.0834005
1880:12:16:0 0.213876 0.211295 -0.0698288 0.143143
1881:1:16:0 0.209322 0.127486 -0.0755091 0.183334
1881:2:16:0 0.172586 -0.060571 -0.0827697 0.244256
1881:3:16:0 0.311029 -0.0372168 0.0510227 0.304126
1881:4:16:0 0.46144 0.00699573 -0.0398312 0.477858
1881:5:16:0 0.389543 0.0949776 0.061149 0.31148
1881:6:16:0 0.281449 0.0852034 -0.0354282 0.256562
1881:7:16:0 -0.0693229 0.0500628 0.0500547 -0.119382
1881:8:16:0 0.0256448 -0.230015 -0.104478 0.192892
1881:9:16:0 -0.0957208 -0.216988 -0.0726071 0.0490769
1881:10:16:0 -0.151639 -0.0294908 -0.0205284 -0.12663
1881:11:16:0 -0.226507 -0.202685 -0.0813759 -0.0844766
1881:12:16:0 -0.148048 -0.350077 0.0165727 0.0187041
1882:1:16:0 -0.181754 -0.556448 0.0389531 0.0769934
1882:2:16:0 -0.297195 -0.587633 0.193922 -0.100339
1882:3:16:0 -0.194583 -0.525091 0.201415 -0.0327452
1882:4:16:0 0.165696 -0.175333 -0.0290207 0.267873
1882:5:16:0 0.146974 -0.279424 -0.0599466 0.316659
1882:6:16:0 0.00202363 -0.698807 -0.0675383 0.385196
1882:7:16:0 -0.102192 -0.799469 -0.136994 0.366039
1882:8:16:0 0.0537257 -0.786663 -0.11658 0.505348
1882:9:16:0 -0.291525 -0.401173 -0.112963 -0.0344577
1882:10:16:0 -0.289653 -0.293278 -0.079539 -0.103245
1882:11:16:0 -0.500293 -0.53483 0.0877071 -0.276732
1882:12:16:0 -0.432297 -0.644838 -0.0291502 -0.0953034
1883:1:16:0 -0.0973249 -0.798422 0.0667514 0.26851
1883:2:16:0 -0.0806646 -0.623372 0.072551 0.194746
1883:3:16:0 -0.118277 -0.607076 -0.0829225 0.226722
1883:4:16:0 -0.108137 -0.207108 -0.0889575 0.0398957
1883:5:16:0 -0.258924 -0.10373 -0.133466 -0.140327
1883:6:16:0 -0.143337 0.117033 -0.1306 -0.136554
1883:7:16:0 -0.0119192 -0.0764273 -0.104437 0.0785131
1883:8:16:0 -0.153884 -0.436338 -0.207598 0.168083
1883:9:16:0 -0.142299 -0.342873 -0.230835 0.144555
1883:10:16:0 -0.0831353 -0.0256648 -0.316544 0.0879691
1883:11:16:0 0.0209172 0.0941606 -0.296653 0.122163
1883:12:16:0 -0.0451074 -0.329341 -0.330411 0.284769
1884:1:16:0 0.0630286 -0.217401 -0.438751 0.391104
1884:2:16:0 0.136947 -0.216314 -0.484594 0.487401
1884:3:16:0 0.156981 0.326869 -0.358202 0.172648
1884:4:16:0 0.230471 0.521655 -0.35735 0.148318
1884:5:16:0 0.495932 0.417041 -0.507566 0.541194
1884:6:16:0 0.0278864 0.217726 -0.122706 -0.0196238
1884:7:16:0 0.255911 0.0777376 -0.496184 0.465134
1884:8:16:0 0.195256 0.201388 -0.222309 0.205717
1884:9:16:0 0.14279 0.223828 -0.164332 0.113042
1884:10:16:0 0.0498103 0.273315 -0.222973 0.0246391
1884:11:16:0 -0.0141338 0.483221 -0.177813 -0.166838
1884:12:16:0 0.0633403 0.636199 -0.206185 -0.151667
1885:1:16:0 -0.0306124 0.351047 -0.121137 -0.145568
1885:2:16:0 0.104899 0.182552 -0.192389 0.109817
1885:3:16:0 0.221149 -0.126246 -0.113514 0.341029
1885:4:16:0 0.107509 -0.0884285 -0.197848 0.250648
1885:5:16:0 0.560737 -0.270521 -0.356403 0.874199
1885:6:16:0 0.26529 -0.486001 -0.468736 0.742659
1885:7:16:0 0.15909 -0.403071 -0.556521 0.638885
1885:8:16:0 0.309296 -0.106807 -0.496448 0.610923
1885:9:16:0 0.392001 0.102115 -0.473378 0.577633
1885:10:16:0 0.551511 0.125379 -0.561328 0.769486
1885:11:16:0 0.507579 0.241903 -0.473274 0.623265
1885:12:16:0 0.495759 0.24833 -0.196797 0.469993
1886:1:16:0 0.314974 -0.608599 -0.0400459 0.639297
1886:2:16:0 0.203488 -0.753321 -0.0485532 0.604425
1886:3:16:0 0.375552 -0.710107 -0.0551146 0.758163
1886:4:16:0 0.103015 -0.538318 0.213421 0.265463
1886:5:16:0 -0.313441 -0.867385 0.0794156 0.0805436
1886:6:16:0 -0.407461 -1.06898 -0.0452133 0.149634
1886:7:16:0 -0.563958 -0.698357 -0.0767022 -0.176428
1886:8:16:0 -0.684507 -0.930953 0.329933 -0.383996
1886:9:16:0 -0.695594 -0.557246 0.259503 -0.546722
1886:10:16:0 -0.607573 -0.605702 -0.0640161 -0.272714
1886:11:16:0 -0.75077 -0.53064 0.0630066 -0.516954
1886:12:16:0 -0.996024 -0.768384 0.074491 -0.649078
1887:1:16:0 -0.507342 -0.703618 -0.120234 -0.0954159
1887:2:16:0 -0.341233 -0.728961 0.139243 -0.046374
1887:3:16:0 -0.617118 -0.820153 0.251507 -0.332795
1887:4:16:0 -0.744162 -0.650314 0.176671 -0.50734
1887:5:16:0 -0.717543 -0.48228 0.187715 -0.570261
1887:6:16:0 -0.320856 -0.13373 -0.206576 -0.150702
1887:7:16:0 -0.254738 0.0220102 -0.300248 -0.115618
1887:8:16:0 -0.297039 -0.343487 0.0373913 -0.143991
1887:9:16:0 -0.279602 -0.0580745 -0.0543905 -0.223369
1887:10:16:0 -0.0800294 -0.0890972 -0.0476953 -0.0116332
1887:11:16:0 0.076808 0.120297 -0.248227 0.140773
1887:12:16:0 -0.0106528 0.186435 0.000679842 -0.10421
1888:1:16:0 -0.0451109 0.1497 0.139235 -0.189578
1888:2:16:0 0.352522 0.218265 0.0863027 0.200239
1888:3:16:0 0.33807 0.28229 0.030032 0.181909
1888:4:16:0 0.299271 0.486577 -0.180794 0.146379
1888:5:16:0 0.224443 0.802088 -0.202446 -0.0753779
1888:6:16:0 0.279493 0.931016 -0.51806 0.0730149
1888:7:16:0 0.34525 0.530975 -0.434375 0.29695
1888:8:16:0 0.483709 0.461607 -0.388822 0.447317
1888:9:16:0 0.025901 1.51454 -0.179466 -0.641638
1888:10:16:0 0.930184 1.61893 -0.510378 0.375908
1888:11:16:0 1.23363 1.7162 -0.401774 0.576419
1888:12:16:0 0.843301 1.34616 -0.0443383 0.19239
1889:1:16:0 0.923488 1.49445 -0.476488 0.414509
1889:2:16:0 0.730719 1.00172 -0.424501 0.44211
1889:3:16:0 0.474873 0.763198 -0.186474 0.186511
1889:4:16:0 0.261339 0.53966 -0.0687908 0.0259043
1889:5:16:0 0.264305 0.257282 -0.0178529 0.14459
1889:6:16:0 -0.0935941 -0.0560262 0.150536 -0.140849
1889:7:16:0 -0.247716 -0.324418 0.0835765 -0.127295
1889:8:16:0 -0.344929 -0.549992 0.00435971 -0.0721131
1889:9:16:0 -0.398712 -0.597778 0.253728 -0.226687
1889:10:16:0 -0.789853 -0.83287 0.273952 -0.510394
1889:11:16:0 -0.720828 -0.546107 0.156363 -0.525956
1889:12:16:0 -0.848371 -0.265924 -0.0319759 -0.699421
1890:1:16:0 -1.50439 -0.529989 0.0241719 -1.25148
1890:2:16:0 -1.28153 -0.515678 0.00928499 -1.02833
1890:3:16:0 -0.604267 -0.423014 -0.171104 -0.307207
1890:4:16:0 -0.533537 -0.645721 -0.186478 -0.117438
1890:5:16:0 -0.530565 -0.712464 -0.177885 -0.085391
1890:6:16:0 -0.778534 -0.906156 -0.111524 -0.269694
1890:7:16:0 -0.719705 -0.743894 -0.113752 -0.290882
1890:8:16:0 -1.15131 -0.656162 0.00819768 -0.827332
1890:9:16:0 -1.08064 -0.626364 -0.0441758 -0.74537
1890:10:16:0 -0.946941 -0.670857 0.00733037 -0.615177
1890:11:16:0 -0.877027 -0.728796 0.0235206 -0.52439
1890:12:16:0 -0.558058 -0.486133 -0.0464081 -0.291787
1891:1:16:0 -0.333257 -0.256973 -0.175932 -0.116804
1891:2:16:0 -0.130677 -0.109805 -0.364139 0.106295
1891:3:16:0 -0.00223718 0.193051 -0.16634 -0.015593
1891:4:16:0 0.100556 0.457992 -0.291513 0.0173163
1891:5:16:0 0.159261 0.596348 -0.246601 -0.0156123
1891:6:16:0 0.124557 0.531755 -0.343648 0.0305033
1891:7:16:0 0.00902074 0.512724 -0.390658 -0.0520123
1891:8:16:0 0.0101259 0.175396 -0.49457 0.169713
1891:9:16:0 -0.0253628 -0.170289 -0.370875 0.245219
1891:10:16:0 0.0298989 -0.221989 -0.158431 0.220109
1891:11:16:0 0.0863613 -0.0961045 -0.112236 0.190532
1891:12:16:0 0.0195777 -0.01655 -0.103195 0.0794502
1892:1:16:0 -0.299871 -0.0836822 0.0272 -0.27163
1892:2:16:0 -0.224319 -0.246254 0.0803358 -0.141359
1892:3:16:0 -0.412455 -0.499938 0.0783701 -0.201671
1892:4:16:0 -0.56431 -0.591745 0.0705876 -0.303731
1892:5:16:0 -0.34364 -0.679436 0.117283 -0.0625633
1892:6:16:0 -0.352712 -0.703829 0.0690047 -0.0353006
1892:7:16:0 -0.454989 -0.713128 -0.146393 -0.0252288
1892:8:16:0 -0.541731 -0.923473 -0.0264388 -0.0667749
1892:9:16:0 -0.810616 -1.1081 0.113952 -0.313542
1892:10:16:0 -1.14803 -1.37544 -0.0633432 -0.428634
1892:11:16:0 -1.13224 -1.2099 0.0507389 -0.552657
1892:12:16:0 -0.6926 -1.16753 -0.117991 -0.0498397
1893:1:16:0 -0.485171 -1.23871 -0.0433177 0.155844
1893:2:16:0 -0.515351 -1.03557 -0.0710059 0.0379381
1893:3:16:0 -0.677215 -0.83501 0.190143 -0.354781
1893:4:16:0 -0.9698 -0.824883 0.244156 -0.679437
1893:5:16:0 -0.953816 -0.754407 0.245026 -0.699126
1893:6:16:0 -0.983999 -0.771491 0.362718 -0.779612
1893:7:16:0 -1.26318 -0.803808 0.589948 -1.15625
1893:8:16:0 -1.25319 -0.818693 0.421533 -1.05461
1893:9:16:0 -1.20601 -0.662501 0.145859 -0.947694
1893:10:16:0 -1.17927 -0.539289 0.018204 -0.918731
1893:11:16:0 -1.03941 -0.236651 -0.0486061 -0.896784
1893:12:16:0 -0.860386 -0.469325 -0.0957611 -0.577843
1894:1:16:0 -0.893184 -0.296913 -0.0605633 -0.714446
1894:2:16:0 -1.03801 -0.442121 0.0434859 -0.838693
1894:3:16:0 -0.863144 -0.448694 -0.0857243 -0.595935
1894:4:16:0 -0.779413 -0.466639 0.0254644 -0.558826
1894:5:16:0 -0.738319 -0.502777 0.0465175 -0.510189
1894:6:16:0 -0.700749 -0.404641 -0.114024 -0.441416
1894:7:16:0 -0.633894 -0.176018 -0.00410287 -0.543834
1894:8:16:0 -0.577412 -0.332028 -0.155535 -0.333631
1894:9:16:0 -0.824814 -0.429805 0.0122879 -0.616055
1894:10:16:0 -0.625769 -0.394436 -0.108768 -0.374167
1894:11:16:0 -0.660803 -0.565257 -0.160801 -0.297774
1894:12:16:0 -0.43626 -0.331971 -0.215329 -0.16261
1895:1:16:0 -0.547395 -0.374122 -0.140412 -0.290128
1895:2:16:0 -0.33993 -0.398891 -0.146892 -0.0670381
1895:3:16:0 -0.27927 -0.60705 -0.168647 0.108579
1895:4:16:0 -0.260232 -0.380131 -0.196649 0.0281579
1895:5:16:0 -0.227892 -0.265262 -0.178045 -0.00623871
1895:6:16:0 -0.228379 -0.289815 0.0917688 -0.129356
1895:7:16:0 -0.145181 -0.123421 -0.0191538 -0.0738932
1895:8:16:0 0.31962 0.249816 -0.10361 0.246518
1895:9:16:0 0.220679 0.321076 -0.0981093 0.109196
1895:10:16:0 0.0240029 0.535122 -0.0758051 -0.205656
1895:11:16:0 0.155122 0.550086 -0.186297 -0.0267728
1895:12:16:0 0.0920367 0.561105 -0.0894207 -0.143806
1896:1:16:0 -0.0409018 0.527548 0.156626 -0.382989
1896:2:16:0 -0.102227 0.301419 0.0935529 -0.299713
1896:3:16:0 0.0784662 0.0960965 -0.0401949 0.0505154
1896:4:16:0 0.00880091 0.156021 0.0791059 -0.108762
1896:5:16:0 0.103697 0.39349 -0.0311864 -0.077455
1896:6:16:0 -0.162056 0.538354 -0.0988516 -0.381808
1896:7:16:0 0.362591 0.59461 -0.168615 0.149594
1896:8:16:0 0.652021 1.07268 -0.466816 0.349088
1896:9:16:0 0.670249 1.04472 -0.526035 0.410907
1896:10:16:0 0.564432 0.809588 -0.619321 0.469298
1896:11:16:0 0.75855 1.50627 -0.314248 0.16254
1896:12:16:0 0.684546 1.38997 -0.327107 0.153114
1897:1:16:0 0.63832 1.07342 -0.313727 0.258472
1897:2:16:0 0.513785 0.897701 -0.0858121 0.10784
1897:3:16:0 0.289664 0.80732 -0.0727155 -0.0776378
1897:4:16:0 -0.01693 0.471747 0.123133 -0.31437
1897:5:16:0 -0.0174033 0.446385 0.0572685 -0.26923
1897:6:16:0 0.048361 0.315064 0.0355062 -0.126924
1897:7:16:0 0.174065 0.205835 -0.0436004 0.092948
1897:8:16:0 0.154592 0.206262 0.0520217 0.02545
1897:9:16:0 0.102535 -0.0912169 -0.0747981 0.185542
1897:10:16:0 -0.15242 0.102063 0.420517 -0.41371
1897:11:16:0 -0.408617 -0.101546 0.316314 -0.516001
1897:12:16:0 -0.408563 -0.290597 0.245213 -0.385871
1898:1:16:0 -0.532289 -0.327227 0.224053 -0.480702
1898:2:16:0 -0.455223 -0.354761 0.125922 -0.340803
1898:3:16:0 -0.433276 -0.399312 0.0492079 -0.258224
1898:4:16:0 -0.247864 -0.395258 -0.014086 -0.0431921
1898:5:16:0 -0.286924 -0.521915 0.029586 -0.0407591
1898:6:16:0 -0.188256 -0.515812 -0.16797 0.153634
1898:7:16:0 -0.37015 -0.00909367 -0.410551 -0.160328
1898:8:16:0 -0.545784 -0.0806729 -0.509717 -0.250589
1898:9:16:0 -0.371467 -0.501137 -0.2394 -0.00119838
1898:10:16:0 -0.214935 -0.00762456 0.100068 -0.261157
1898:11:16:0 -0.421147 -0.0547898 0.0487132 -0.418109
1898:12:16:0 -0.573147 -0.101382 -0.0167591 -0.514077
1899:1:16:0 -0.678899 0.0478956 0.0593911 -0.732542
1899:2:16:0 -0.584007 -0.117543 0.0781278 -0.564299
1899:3:16:0 -0.439705 0.0725661 0.107432 -0.529704
1899:4:16:0 -0.248515 0.0901833 0.0460428 -0.316628
1899:5:16:0 -0.0313462 0.262871 -0.0148289 -0.155367
1899:6:16:0 -0.0816831 0.353228 -0.042642 -0.236976
1899:7:16:0 0.144218 0.00377904 0.00203557 0.141311
1899:8:16:0 0.33061 1.03533 -0.0683068 -0.1529
1899:9:16:0 0.0870238 1.02339 -0.328066 -0.260638
1899:10:16:0 0.606171 0.940745 -0.500213 0.385906
1899:11:16:0 0.787272 1.00377 -0.377222 0.473998
1899:12:16:0 0.879234 0.837086 -0.323692 0.622537
1900:1:16:0 0.711122 1.15811 -0.307381 0.285758
1900:2:16:0 0.586211 1.23742 -0.0270829 -0.0189573
1900:3:16:0 0.512899 1.14473 -0.0260738 -0.0464271
1900:4:16:0 0.447012 0.848812 0.0933063 -0.024047
1900:5:16:0 0.41063 0.69297 0.0691953 0.0295467
1900:6:16:0 0.428861 0.807195 0.148782 -0.0491276
1900:7:16:0 0.492094 0.566743 0.102004 0.15772
1900:8:16:0 0.506569 0.287222 0.0681347 0.328891
1900:9:16:0 0.473998 0.263709 0.0274484 0.328419
1900:10:16:0 0.460483 -0.0157389 -0.180728 0.558716
1900:11:16:0 0.353089 -0.0189487 -0.112072 0.418599
1900:12:16:0 0.602689 0.105705 0.119432 0.490121
1901:1:16:0 0.628412 0.101028 -0.0281139 0.591955
1901:2:16:0 0.299817 -0.0410359 -0.115397 0.378033
1901:3:16:0 0.232792 -0.266489 -0.0562922 0.394182
1901:4:16:0 0.16384 -0.24215 0.0629701 0.25343
1901:5:16:0 0.119109 -0.510902 0.0926325 0.328244
1901:6:16:0 -0.0282806 -0.576403 0.0914591 0.214191
1901:7:16:0 0.0301896 -0.437807 -0.129168 0.313677
1901:8:16:0 0.0847214 -0.284322 -0.161602 0.307684
1901:9:16:0 -0.141722 -0.323971 -0.140871 0.0906994
1901:10:16:0 -0.0898302 -0.015605 -0.0406871 -0.0616842
1901:11:16:0 -0.236143 0.407379 -0.147551 -0.366057
1901:12:16:0 -0.225932 0.477196 -0.0654991 -0.43178
1902:1:16:0 -0.305729 0.522616 0.0831668 -0.60862
1902:2:16:0 -0.138164 0.438444 0.0230531 -0.368913
1902:3:16:0 -0.254764 0.653829 0.0687102 -0.616034
1902:4:16:0 0.271495 0.513934 0.105686 -0.0383148
1902:5:16:0 0.617094 0.596899 -0.39209 0.514689
1902:6:16:0 0.537014 1.06119 -0.475997 0.244418
1902:7:16:0 0.753317 1.19847 -0.406245 0.357203
1902:8:16:0 0.696558 0.845528 -0.410924 0.479256
1902:9:16:0 0.910585 0.902964 -0.655074 0.78664
1902:10:16:0 0.838612 1.38398 -0.587706 0.440478
1902:11:16:0 0.782588 1.21239 -0.553378 0.453083
1902:12:16:0 0.600885 0.615443 -0.454965 0.520646
1903:1:16:0 0.709109 0.342123 -0.310803 0.693448
1903:2:16:0 0.804219 -0.310103 -0.0871788 1.00286
1903:3:16:0 0.726704 -0.246536 -0.260241 0.980092
1903:4:16:0 0.485368 -0.537181 -0.153551 0.830734
1903:5:16:0 0.25138 -0.30563 -0.0873452 0.447867
1903:6:16:0 0.502554 -0.0327115 -0.46956 0.75369
1903:7:16:0 -0.0156044 -0.465879 -0.156655 0.295662
1903:8:16:0 0.221848 -0.710731 -0.159371 0.656899
1903:9:16:0 -0.0599447 -0.785981 -0.180948 0.42352
1903:10:16:0 -0.116874 -0.818907 -0.13824 0.3617
1903:11:16:0 -0.246176 -0.535107 -0.276407 0.159581
1903:12:16:0 -0.338387 -0.682309 -0.148736 0.0771362
1904:1:16:0 -0.671562 -0.0713897 -0.0306792 -0.620528
1904:2:16:0 -0.436365 -0.484462 -0.207356 -0.0904556
1904:3:16:0 -0.25436 -0.651332 -0.130528 0.136571
1904:4:16:0 -0.261121 -0.64723 -0.292503 0.208745
1904:5:16:0 -0.394432 0.0839868 -0.293518 -0.289666
1904:6:16:0 -0.096959 0.0173751 -0.301499 0.045103
1904:7:16:0 0.240713 0.522841 -0.302011 0.130298
1904:8:16:0 0.144759 0.833637 -0.555199 0.00554013
1904:9:16:0 0.0597862 0.509345 -0.316927 -0.0364225
1904:10:16:0 0.520063 0.74428 -0.408214 0.352029
1904:11:16:0 -0.141948 0.743575 -0.29986 -0.363806
1904:12:16:0 0.485595 0.48997 -0.114067 0.297644
1905:1:16:0 0.309378 0.50984 -0.4126 0.260758
1905:2:16:0 0.586254 0.127885 -0.29365 0.669137
1905:3:16:0 0.51103 0.636712 -0.222362 0.303855
1905:4:16:0 0.251923 0.0858055 -0.155643 0.286842
1905:5:16:0 0.585327 1.27233 -0.330574 0.114448
1905:6:16:0 0.332417 1.13583 -0.0329986 -0.219
1905:7:16:0 0.71126 0.830661 -0.374668 0.483263
1905:8:16:0 0.696952 1.17499 -0.46579 0.342353
1905:9:16:0 0.977114 0.81773 -0.50753 0.822014
1905:10:16:0 0.620256 0.630202 -0.335969 0.47314
1905:11:16:0 0.56792 1.18487 -0.34978 0.150373
1905:12:16:0 0.594031 0.271027 -0.245748 0.581392
1906:1:16:0 0.319021 0.443729 -0.342182 0.268248
1906:2:16:0 0.424538 0.444766 -0.233287 0.318799
1906:3:16:0 0.855377 -0.0498364 -0.377491 1.06904
1906:4:16:0 0.387226 -0.047599 -0.257794 0.539922
1906:5:16:0 0.201704 -0.062904 -0.115112 0.290712
1906:6:16:0 0.246919 -0.0751864 -0.151803 0.360414
1906:7:16:0 0.0835947 -0.856493 0.0113292 0.506176
1906:8:16:0 0.247151 -1.04728 0.173218 0.684184
1906:9:16:0 -0.476855 -1.0747 0.25379 -0.0664011
1906:10:16:0 -0.531645 -0.771796 0.155903 -0.223699
1906:11:16:0 0.00171946 -0.460283 -0.0654415 0.264582
1906:12:16:0 -0.160339 -0.495173 0.0462315 0.0641323
1907:1:16:0 -0.273325 -0.448087 -0.118902 0.0101697
1907:2:16:0 -0.239439 -0.18726 -0.226351 -0.0326331
1907:3:16:0 -0.22918 -0.356314 -0.227785 0.0628693
1907:4:16:0 -0.313735 -0.476301 -0.325564 0.0871977
1907:5:16:0 -0.139061 -0.655398 -0.225245 0.301261
1907:6:16:0 -0.0719582 -0.252138 0.0219316 0.0431449
1907:7:16:0 -0.0909027 -0.708157 -0.0171209 0.271736
1907:8:16:0 -0.0908466 -1.05506 -0.111112 0.492237
1907:9:16:0 0.0970594 -0.105841 -0.302535 0.301248
1907:10:16:0 -0.276507 -0.587758 0.118105 -0.0416798
1907:11:16:0 -0.0797488 -0.420082 0.118016 0.071284
1907:12:16:0 -0.123525 -0.438127 -0.0638323 0.127454
1908:1:16:0 -0.272823 -0.218498 -0.218379 -0.0543841
1908:2:16:0 -0.129765 -0.0275948 -0.211375 -0.0102795
1908:3:16:0 -0.318845 0.0255623 -0.0581525 -0.30255
1908:4:16:0 -0.220361 -0.858281 -0.0230807 0.22032
1908:5:16:0 -0.062494 -0.811272 0.00256128 0.341861
1908:6:16:0 -0.300268 0.077575 -0.154315 -0.261898
1908:7:16:0 -0.322035 -0.590142 0.0387108 -0.046319
1908:8:16:0 -0.307636 -0.522621 -0.14455 0.02595
1908:9:16:0 -0.219193 -0.769723 -0.0995243 0.215431
1908:10:16:0 -0.318792 -0.438027 -0.168144 -0.0157061
1908:11:16:0 -0.55088 -0.86462 -0.0627546 -0.0871926
1908:12:16:0 -0.699825 -0.869855 -0.27466 -0.127567
1909:1:16:0 -0.297805 0.052108 -0.189244 -0.229237
1909:2:16:0 -0.484474 -0.782469 -0.104044 -0.041218
1909:3:16:0 -0.332798 -0.182577 -0.332501 -0.0752589
1909:4:16:0 -0.362279 -0.677461 -0.189309 0.0711054
1909:5:16:0 0.0452996 -0.658759 0.0606392 0.34436
1909:6:16:0 -0.616051 -1.19523 0.179328 -0.108101
1909:7:16:0 -0.6451 -0.930446 0.1989 -0.279327
1909:8:16:0 -0.752426 -1.18102 0.28686 -0.305347
1909:9:16:0 -0.551012 -1.15975 0.239884 -0.0910782
1909:10:16:0 -0.847213 -1.03991 0.12882 -0.39167
1909:11:16:0 -0.982515 -1.09729 0.0537866 -0.460762
1909:12:16:0 -0.738427 -0.839012 0.0365094 -0.337176
1910:1:16:0 -0.897145 -1.05926 0.149393 -0.44221
1910:2:16:0 -0.632785 -0.605329 0.0506938 -0.355468
1910:3:16:0 -0.741615 -0.740095 -0.215602 -0.263766
1910:4:16:0 -0.930095 -0.738056 -0.18179 -0.470172
1910:5:16:0 -0.98446 -0.97068 0.0815755 -0.539908
1910:6:16:0 -0.894854 -0.826925 -0.0181328 -0.472325
1910:7:16:0 -0.747146 -0.685779 0.314783 -0.561648
1910:8:16:0 -0.730641 -0.66056 0.185066 -0.492893
1910:9:16:0 -1.00055 -0.811493 0.125665 -0.657637
1910:10:16:0 -0.86515 -0.872234 0.197089 -0.527578
1910:11:16:0 -0.683337 -0.589841 -0.00534016 -0.385747
1910:12:16:0 -0.575582 -0.775087 -0.0616424 -0.157217
1911:1:16:0 -0.46909 -0.565213 -0.0216004 -0.175683
1911:2:16:0 -0.431379 -0.578088 -0.337406 0.0263678
1911:3:16:0 -0.622591 -0.618644 -0.0380527 -0.294243
1911:4:16:0 -0.823625 -0.921788 0.0470663 -0.386264
1911:5:16:0 -0.605529 -0.990583 -0.21848 -0.000996947
1911:6:16:0 -0.666279 -0.423585 -0.226444 -0.341264
1911:7:16:0 -0.525965 0.0550204 -0.33661 -0.38517
1911:8:16:0 -0.722327 0.524525 -0.397888 -0.785645
1911:9:16:0 -0.339511 0.907218 -0.538153 -0.524044
1911:10:16:0 -0.203274 0.590501 -0.489043 -0.254003
1911:11:16:0 0.346872 0.863638 -0.648686 0.239397
1911:12:16:0 0.127904 1.24843 -0.427476 -0.282572
1912:1:16:0 0.53144 0.994818 -0.648784 0.358423
1912:2:16:0 0.439677 0.679846 -0.473353 0.336431
1912:3:16:0 0.465623 0.40591 -0.403483 0.46441
1912:4:16:0 0.408594 0.500624 -0.26257 0.289567
1912:5:16:0 0.00784073 0.182415 -0.346599 0.089933
1912:6:16:0 -0.00938354 -0.00783901 -0.146607 0.0678396
1912:7:16:0 0.0425292 -0.528649 -0.0990634 0.356385
1912:8:16:0 -0.146159 -0.284052 -0.0655019 0.0286176
1912:9:16:0 -0.0192607 0.055292 -0.135871 0.0210287
1912:10:16:0 -0.119372 -0.151268 -0.123087 0.0178047
1912:11:16:0 0.0277564 -0.259863 -0.145424 0.2304
1912:12:16:0 -0.280698 -0.308697 -0.203155 -0.0247719
1913:1:16:0 -0.315639 0.106586 -0.340076 -0.198895
1913:2:16:0 0.181519 0.241245 -0.282378 0.202086
1913:3:16:0 0.160872 -0.240709 -0.393045 0.47775
1913:4:16:0 -0.342209 -1.1962 -0.255003 0.383394
1913:5:16:0 -0.166762 -0.514522 -0.422867 0.301933
1913:6:16:0 -0.278981 -0.0844357 -0.218951 -0.127288
1913:7:16:0 -0.330997 0.000970477 -0.28655 -0.188207
1913:8:16:0 -0.340952 0.33033 -0.33934 -0.336447
1913:9:16:0 0.0227581 0.295725 -0.492711 0.121251
1913:10:16:0 -0.149268 0.829697 -0.424078 -0.352078
1913:11:16:0 0.193777 0.680476 -0.319508 0.0132934
1913:12:16:0 0.18152 0.887301 -0.324805 -0.0997286
1914:1:16:0 0.0403645 0.687407 -0.395401 -0.105639
1914:2:16:0 0.359544 0.29471 -0.414817 0.419597
1914:3:16:0 0.155411 0.376139 -0.241709 0.0881957
1914:4:16:0 0.418676 -0.0900109 -0.0861948 0.506779
1914:5:16:0 0.209974 -0.277086 -0.0582077 0.377621
1914:6:16:0 0.0793552 -0.0240502 -0.369231 0.275996
1914:7:16:0 0.219089 0.406114 -0.457223 0.244643
1914:8:16:0 0.465124 0.717379 -0.541266 0.377067
1914:9:16:0 0.287282 0.926605 -0.387679 0.017819
1914:10:16:0 0.170313 0.7572 -0.45328 0.0183526
1914:11:16:0 0.158416 0.550086 -0.472764 0.119755
1914:12:16:0 0.309697 0.727854 -0.478987 0.185264
1915:1:16:0 0.46827 0.55532 -0.415161 0.39819
1915:2:16:0 0.493147 0.368615 -0.45867 0.538174
1915:3:16:0 0.436405 0.465504 -0.360323 0.383815
1915:4:16:0 0.318577 0.718742 -0.303543 0.110978
1915:5:16:0 0.374891 1.0345 -0.118847 -0.0829369
1915:6:16:0 0.615692 1.50048 -0.0380266 -0.115532
1915:7:16:0 0.215264 0.35252 0.198389 -0.06019
1915:8:16:0 0.145908 -0.00159577 0.263366 0.0150224
1915:9:16:0 0.21493 -0.100144 0.262289 0.133857
1915:10:16:0 0.295161 -0.259896 0.0786661 0.385777
1915:11:16:0 0.0110767 -0.445694 -0.0341272 0.250987
1915:12:16:0 0.101459 -0.608931 0.0821352 0.364856
1916:1:16:0 0.0750685 -0.421226 0.00733262 0.282015
1916:2:16:0 -0.169165 -0.903799 0.0116987 0.276885
1916:3:16:0 -0.0917628 -0.671665 0.0105612 0.238789
1916:4:16:0 -0.0147303 -0.643325 0.085715 0.264075
1916:5:16:0 0.220841 -0.86561 -0.0926905 0.699992
1916:6:16:0 0.0606206 -0.95676 -0.0952813 0.586641
1916:7:16:0 -0.558019 -1.51425 -0.0556836 0.22695
1916:8:16:0 -0.884608 -1.58122 0.210436 -0.199214
1916:9:16:0 -0.905354 -1.49455 0.191113 -0.253636
1916:10:16:0 -0.711988 -1.47418 0.165843 -0.0578208
1916:11:16:0 -0.988525 -1.58653 -0.0288677 -0.180825
1916:12:16:0 -0.827425 -1.04392 -0.0673157 -0.271808
1917:1:16:0 -0.80726 -0.919257 -0.116691 -0.289286
1917:2:16:0 -0.541798 -1.11574 -0.221874 0.127009
1917:3:16:0 -0.466681 -0.896727 -0.394053 0.178709
1917:4:16:0 -0.488789 -0.317484 -0.287255 -0.18642
1917:5:16:0 -0.598437 -0.160115 -0.444753 -0.296003
1917:6:16:0 -0.46072 -0.0890168 -0.316214 -0.258104
1917:7:16:0 -0.377116 0.451538 -0.232636 -0.486567
1917:8:16:0 -0.301869 0.211486 -0.0894741 -0.362875
1917:9:16:0 -0.347911 -0.0710798 0.00331395 -0.314028
1917:10:16:0 -0.198764 -0.355405 -0.093284 0.0255803
1917:11:16:0 -0.463465 -0.452215 -0.18377 -0.145473
1917:12:16:0 -0.504246 -0.89999 -0.253199 0.072348
1918:1:16:0 -0.513743 -0.706742 -0.308695 -0.00602448
1918:2:16:0 -0.50669 -0.535726 -0.424028 -0.0268129
1918:3:16:0 -0.465069 -0.268228 -0.276781 -0.192565
1918:4:16:0 -0.441085 0.119769 -0.345358 -0.328291
1918:5:16:0 -0.275163 0.62292 -0.347321 -0.412963
1918:6:16:0 0.110196 1.16873 -0.411762 -0.268286
1918:7:16:0 -0.11294 1.24315 -0.377704 -0.545665
1918:8:16:0 0.0512267 1.08009 -0.519532 -0.22905
1918:9:16:0 0.300575 1.10188 -0.586944 0.0431063
1918:10:16:0 0.513983 1.29522 -0.467645 0.100194
1918:11:16:0 0.524214 1.34046 -0.463925 0.085947
1918:12:16:0 0.49277 1.14572 -0.493403 0.166612
1919:1:16:0 0.756616 1.03829 -0.291927 0.383435
1919:2:16:0 0.586722 0.626324 -0.133275 0.340198
1919:3:16:0 0.630466 0.340127 -0.116811 0.518808
1919:4:16:0 0.518886 0.589595 -0.0808439 0.264511
1919:5:16:0 0.567791 0.886793 -0.112921 0.180856
1919:6:16:0 0.426036 0.804891 -0.110558 0.0788693
1919:7:16:0 0.165628 0.469154 -0.244224 0.0531629
1919:8:16:0 0.341591 0.316028 -0.28367 0.325412
1919:9:16:0 0.261469 0.513319 -0.228138 0.118878
1919:10:16:0 0.0169384 0.203154 -0.393607 0.112165
1919:11:16:0 -0.286958 -0.290523 -0.295699 0.00615239
1919:12:16:0 0.194563 0.186034 -0.231874 0.217483
1920:1:16:0 0.23449 0.702347 -0.408593 0.0876122
1920:2:16:0 0.215204 0.566953 -0.378644 0.12105
1920:3:16:0 0.280792 0.330933 -0.298983 0.264817
1920:4:16:0 -0.0519901 0.288691 -0.149653 -0.121509
1920:5:16:0 0.0631265 0.423085 0.0597534 -0.178293
1920:6:16:0 0.243431 -0.091096 -0.0552148 0.316586
1920:7:16:0 0.211398 -0.879354 -0.234931 0.76854
1920:8:16:0 0.148118 -0.26882 -0.143923 0.354489
1920:9:16:0 0.252328 -0.356858 -0.146915 0.504214
1920:10:16:0 0.570589 -0.707195 -0.168543 1.00846
1920:11:16:0 -0.0365193 -0.185961 -0.240516 0.176719
1920:12:16:0 -0.298053 -0.0103614 -0.194908 -0.195418
1921:1:16:0 0.00988064 -0.239927 -0.0672267 0.163457
1921:2:16:0 -0.389859 -0.213157 -0.107234 -0.229664
1921:3:16:0 -0.879882 -0.495425 -0.0672612 -0.598539
1921:4:16:0 -0.211727 -0.519714 -0.290517 0.193389
1921:5:16:0 -0.590584 -0.392051 -0.145241 -0.321938
1921:6:16:0 -0.342454 -0.366329 0.141181 -0.229881
1921:7:16:0 -0.186125 -0.288319 0.0118899 -0.0479102
1921:8:16:0 -0.0120439 -0.722016 -0.0742531 0.38609
1921:9:16:0 -0.113539 -0.770029 0.0197994 0.261576
1921:10:16:0 0.0228643 -0.273714 -0.0179973 0.16872
1921:11:16:0 -0.442474 -0.322361 -0.00573629 -0.278426
1921:12:16:0 -0.0119863 -0.541136 -0.0744091 0.295786
1922:1:16:0 -0.272703 -0.576182 -0.110904 0.0708408
1922:2:16:0 0.107501 0.17425 -0.34957 0.195161
1922:3:16:0 0.162311 -0.153299 -0.312253 0.395086
1922:4:16:0 -0.236313 -0.149372 -0.113963 -0.104645
1922:5:16:0 0.162658 -0.167697 -0.134737 0.313875
1922:6:16:0 -0.266119 -0.700599 -0.141898 0.155129
1922:7:16:0 -0.0147553 -0.804064 -0.174709 0.474631
1922:8:16:0 -0.179356 -1.00494 -0.418981 0.532607
1922:9:16:0 -0.136648 -0.967115 -0.419071 0.556445
1922:10:16:0 -0.203507 -0.569169 -0.156473 0.159314
1922:11:16:0 -0.0720794 -1.11949 0.0160643 0.479635
1922:12:16:0 -0.435215 -0.825756 -0.0361007 -0.00428697
1923:1:16:0 -0.14647 -0.230855 -0.0849021 0.0114083
1923:2:16:0 -0.247409 -0.157849 -0.160946 -0.0880118
1923:3:16:0 -0.193299 -0.536207 -0.294977 0.222293
1923:4:16:0 -0.0299629 0.0453944 -0.44195 0.168315
1923:5:16:0 -0.0594538 -0.172504 -0.346365 0.199981
1923:6:16:0 -0.0286716 0.283168 -0.219414 -0.0605484
1923:7:16:0 -0.178861 0.421746 -0.311533 -0.233968
1923:8:16:0 0.0753918 -0.109293 -0.51252 0.386298
1923:9:16:0 0.32513 0.112223 -0.686892 0.612464
1923:10:16:0 0.510553 0.0890256 -0.47181 0.701945
1923:11:16:0 0.612883 0.150099 -0.316178 0.695923
1923:12:16:0 0.431711 0.161337 -0.37973 0.540908
1924:1:16:0 0.168192 -0.537142 -0.345473 0.6095
1924:2:16:0 0.185576 -0.269178 -0.222873 0.431602
1924:3:16:0 0.339362 -0.617697 -0.234625 0.765523
1924:4:16:0 0.0766668 -0.496469 -0.0469378 0.34837
1924:5:16:0 -0.305546 -0.958284 0.145771 0.100711
1924:6:16:0 -0.0975632 -0.791734 0.0887066 0.25395
1924:7:16:0 -0.312203 -0.807296 0.105296 0.0387966
1924:8:16:0 -0.441323 -0.757237 0.032007 -0.0787081
1924:9:16:0 -0.452382 -0.808293 0.136576 -0.116523
1924:10:16:0 -0.410439 -0.515683 0.0950166 -0.200106
1924:11:16:0 -0.775092 -0.635894 0.0731581 -0.493724
1924:12:16:0 -0.390308 -0.720135 -0.241863 0.0906909
1925:1:16:0 -0.764959 -0.594576 0.0168418 -0.476092
1925:2:16:0 -0.581673 0.394033 -0.372578 -0.592401
1925:3:16:0 -0.477184 0.481155 -0.246469 -0.594527
1925:4:16:0 -0.29785 0.52613 -0.416331 -0.35275
1925:5:16:0 -0.263107 0.137545 -0.33196 -0.165899
1925:6:16:0 -0.439755 0.611047 -0.2727 -0.608929
1925:7:16:0 0.116556 0.754164 -0.30686 -0.107096
1925:8:16:0 0.298899 0.812398 -0.397715 0.0915578
1925:9:16:0 0.46622 0.700939 -0.404326 0.317913
1925:10:16:0 0.47621 0.71731 -0.428418 0.331765
1925:11:16:0 0.677734 0.765189 -0.430314 0.510297
1925:12:16:0 0.806738 1.09633 -0.246072 0.381607
1926:1:16:0 0.642873 1.19852 -0.417265 0.252247
1926:2:16:0 0.76529 0.765431 -0.0176369 0.391393
1926:3:16:0 0.735177 0.936944 -0.126629 0.33002
1926:4:16:0 0.500009 0.765961 0.130314 0.0518716
1926:5:16:0 0.642026 0.736915 0.169116 0.18901
1926:6:16:0 0.598016 0.404206 0.0165151 0.387655
1926:7:16:0 0.421243 0.609244 -0.122233 0.177737
1926:8:16:0 0.276213 0.000554126 0.144659 0.203606
1926:9:16:0 0.166961 -0.223487 0.139665 0.208873
1926:10:16:0 -0.138054 0.00508305 0.148854 -0.215023
1926:11:16:0 -0.185476 -0.11597 -0.169044 -0.0429694
1926:12:16:0 -0.0915309 0.166972 -0.0251332 -0.16245
1927:1:16:0 0.14653 0.18655 -0.102189 0.10435
1927:2:16:0 0.230281 0.528179 -0.138041 0.0352114
1927:3:16:0 -0.0880248 -0.0261144 0.0917164 -0.120826
1927:4:16:0 0.065252 -0.0407023 0.107709 0.0317487
1927:5:16:0 -0.333291 -0.173522 -0.115826 -0.188616
1927:6:16:0 0.021317 -0.156316 0.128955 0.0349978
1927:7:16:0 -0.0470294 -0.386262 -0.0254177 0.15881
1927:8:16:0 0.124566 -0.134813 -0.212308 0.298126
1927:9:16:0 0.00276408 0.017381 -0.258523 0.123335
1927:10:16:0 0.18229 -0.131311 -0.17169 0.333791
1927:11:16:0 -0.0124439 0.00678324 -0.0327652 0.000547096
1927:12:16:0 0.295957 -0.158748 -0.131407 0.441034
1928:1:16:0 0.430026 -0.0678319 0.102342 0.412771
1928:2:16:0 0.229599 -0.0676246 -0.0312368 0.279029
1928:3:16:0 0.103871 0.102125 -0.128838 0.117228
1928:4:16:0 0.146883 -0.172105 -0.0436321 0.254751
1928:5:16:0 0.232766 -0.103445 -0.1904 0.379689
1928:6:16:0 0.104987 -0.441715 -0.175513 0.413601
1928:7:16:0 0.0123286 -0.395752 -0.252659 0.336534
1928:8:16:0 0.00929227 -0.388326 -0.159995 0.283453
1928:9:16:0 0.0620967 -0.351145 -0.0759863 0.275662
1928:10:16:0 0.0285787 -0.436341 -0.0720542 0.282776
1928:11:16:0 0.0961437 -0.472417 -0.0485584 0.356632
1928:12:16:0 -0.153455 -0.522806 0.0819921 0.0669524
1929:1:16:0 -0.14762 -0.550464 -0.219385 0.237304
1929:2:16:0 -0.10273 -0.144797 -0.162988 0.0511625
1929:3:16:0 -0.0463019 -0.0102107 -0.093106 0.00535638
1929:4:16:0 1.68614e-05 0.450565 -0.33374 -0.0583956
1929:5:16:0 -0.102075 0.305171 -0.393698 -0.0578117
1929:6:16:0 0.0736266 0.326439 -0.378914 0.0998641
1929:7:16:0 0.164753 0.0488559 -0.542614 0.411632
1929:8:16:0 0.144643 0.0958941 -0.301984 0.247688
1929:9:16:0 0.18847 0.360865 -0.24568 0.130878
1929:10:16:0 0.278972 -0.0487779 -0.255129 0.430925
1929:11:16:0 0.26703 -0.0106228 -0.114278 0.329481
1929:12:16:0 0.500768 -0.0696103 -0.202249 0.636698
1930:1:16:0 0.497644 -0.411565 -0.401851 0.904352
1930:2:16:0 0.488768 -0.268865 -0.342362 0.794382
1930:3:16:0 0.443439 0.0369289 -0.456492 0.653221
1930:4:16:0 0.390571 0.429771 -0.502741 0.427055
1930:5:16:0 -0.0122901 0.187861 -0.453297 0.120428
1930:6:16:0 0.254373 0.4153 -0.409285 0.251366
1930:7:16:0 0.425831 0.737181 -0.42948 0.27198
1930:8:16:0 0.31976 0.964612 -0.160322 -0.0823857
1930:9:16:0 0.666998 1.05627 -0.445393 0.361558
1930:10:16:0 0.610813 1.45888 -0.0849405 -0.0761582
1930:11:16:0 0.960536 1.36807 -0.224001 0.388503
1930:12:16:0 0.647756 1.31577 -0.256991 0.118367
1931:1:16:0 0.762017 1.39831 -0.0611925 0.0934591
1931:2:16:0 0.920286 0.968784 -0.0362005 0.453995
1931:3:16:0 0.560103 1.03754 0.0940828 -0.00570679
1931:4:16:0 0.523675 0.921218 -0.137304 0.131718
1931:5:16:0 0.553035 0.24395 -0.0962953 0.479207
1931:6:16:0 0.577748 0.147936 0.108999 0.449281
1931:7:16:0 0.465133 0.420058 0.125046 0.192581
1931:8:16:0 0.394414 -0.116613 0.0567794 0.42433
1931:9:16:0 -0.0386897 -0.199443 0.178797 -0.0283667
1931:10:16:0 0.0126771 0.24297 -0.0812337 -0.068191
1931:11:16:0 0.0621605 -0.230105 -0.0481382 0.201282
1931:12:16:0 -0.152194 -0.182884 0.127635 -0.12457
1932:1:16:0 -0.222505 0.355985 -0.142536 -0.329229
1932:2:16:0 -0.124365 0.591868 -0.0114122 -0.414593
1932:3:16:0 0.163876 0.614098 -0.159278 -0.0635337
1932:4:16:0 -0.0159341 0.467043 -0.147476 -0.175718
1932:5:16:0 0.0582416 0.925939 -0.42026 -0.194598
1932:6:16:0 0.100649 0.919557 -0.261674 -0.228293
1932:7:16:0 -0.178157 0.542028 -0.344294 -0.277023
1932:8:16:0 0.0924451 0.49538 -0.388033 0.0387717
1932:9:16:0 0.10629 -0.0153815 -0.206996 0.217479
1932:10:16:0 0.130397 0.179116 -0.0794451 0.0805614
1932:11:16:0 0.0727418 -0.10716 -0.184935 0.218789
1932:12:16:0 -0.179413 -0.0920078 -0.249433 -0.00869249
1933:1:16:0 -0.0119375 -0.254642 -0.0186019 0.124685
1933:2:16:0 -0.124678 0.227317 -0.195718 -0.140477
1933:3:16:0 -0.0994764 0.055445 -0.0847154 -0.0848413
1933:4:16:0 0.00526317 0.0456009 0.0271349 -0.0311047
1933:5:16:0 -0.313187 -0.349577 0.0515482 -0.164173
1933:6:16:0 -0.547974 -0.255262 0.0482845 -0.444485
1933:7:16:0 -0.381253 -0.530291 -0.0574111 -0.0874023
1933:8:16:0 -0.58612 -0.393572 -0.0337119 -0.372479
1933:9:16:0 -0.654294 -0.440384 0.125206 -0.496704
1933:10:16:0 -0.928485 -0.521936 0.105449 -0.720241
1933:11:16:0 -0.653634 -0.355676 0.0640409 -0.507816
1933:12:16:0 -0.862875 -0.480067 0.0570187 -0.65135
1934:1:16:0 -0.731826 -0.173501 0.137607 -0.713879
1934:2:16:0 -0.658266 -0.383379 -0.0946368 -0.419258
1934:3:16:0 -0.693888 0.09948 -0.0907164 -0.69827
1934:4:16:0 -0.340481 0.274075 -0.151375 -0.401831
1934:5:16:0 -0.431745 -0.0240389 -0.315844 -0.261803
1934:6:16:0 -0.265455 0.283511 -0.181009 -0.316706
1934:7:16:0 -0.308292 -0.36694 -0.092158 -0.0787432
1934:8:16:0 -0.406903 0.285768 -0.00477637 -0.547399
1934:9:16:0 -0.339165 0.394352 -0.186018 -0.443332
1934:10:16:0 -0.235014 -0.117752 -0.0728537 -0.139711
1934:11:16:0 -0.123897 -0.195579 0.0371272 -0.0446709
1934:12:16:0 -0.226705 -0.563929 0.018406 0.046057
1935:1:16:0 -0.21879 -0.61708 -0.0752773 0.127388
1935:2:16:0 -0.0143725 -0.98353 0.145163 0.404811
1935:3:16:0 -0.164844 -0.195445 -0.0785754 -0.0278336
1935:4:16:0 -0.318977 0.226709 -0.0652933 -0.399685
1935:5:16:0 -0.403824 0.161161 -0.05706 -0.455874
1935:6:16:0 -0.20364 -0.285413 -0.166601 0.0223676
1935:7:16:0 -0.343233 -0.49661 -0.254272 0.0322083
1935:8:16:0 0.124363 0.144857 -0.0527062 0.078288
1935:9:16:0 0.111188 0.288918 -0.234871 0.0841643
1935:10:16:0 0.229779 0.0544736 -0.194074 0.29958
1935:11:16:0 0.208624 0.318644 -0.142859 0.120732
1935:12:16:0 -0.0234662 0.24645 -0.103717 -0.0948329
1936:1:16:0 0.31291 -0.108373 -0.158133 0.446163
1936:2:16:0 0.222673 0.271222 -0.00678842 0.0904563
1936:3:16:0 0.125561 0.035119 -0.0350111 0.125507
1936:4:16:0 0.312332 0.275998 -0.174573 0.261619
1936:5:16:0 0.40985 0.0906269 -0.284915 0.506994
1936:6:16:0 0.00356389 -0.22951 0.0108653 0.112886
1936:7:16:0 -0.0229426 0.172161 0.0419999 -0.130023
1936:8:16:0 -0.0726627 -0.1153 0.0980281 -0.0640268
1936:9:16:0 0.017578 0.231875 -0.0202493 -0.0882348
1936:10:16:0 0.306042 0.514937 0.0210631 0.0380422
1936:11:16:0 0.0197104 0.247321 0.0841903 -0.146045
1936:12:16:0 0.427997 0.162233 0.136107 0.278827
1937:1:16:0 -0.0835621 0.272832 -0.0337003 -0.203128
1937:2:16:0 0.313278 0.250251 -0.00656156 0.191433
1937:3:16:0 0.611763 -0.321915 -0.0633738 0.804407
1937:4:16:0 0.169949 0.10981 -0.0371897 0.133639
1937:5:16:0 -0.0588364 -0.533056 -0.00270061 0.209042
1937:6:16:0 -0.145933 -0.229422 0.166242 -0.114343
1937:7:16:0 0.246544 0.0841966 -0.0360003 0.222445
1937:8:16:0 0.0378398 -0.255753 -0.0846018 0.208017
1937:9:16:0 0.0916466 0.20607 -0.0269215 0.00207214
1937:10:16:0 0.0519395 -0.235322 0.00923225 0.164984
1937:11:16:0 0.267371 -0.344195 0.211286 0.333826
1937:12:16:0 -0.0240522 -0.235491 0.202208 -0.00741044
1938:1:16:0 -0.0563386 -0.438994 0.0248079 0.150754
1938:2:16:0 0.022252 -0.487201 0.039247 0.246229
1938:3:16:0 0.0796849 -0.41119 0.149324 0.210618
1938:4:16:0 -0.0665022 -0.840466 0.216634 0.245414
1938:5:16:0 -0.33161 -0.0974662 0.0828417 -0.324298
1938:6:16:0 -0.514311 -1.01357 0.00302174 -0.00903672
1938:7:16:0 -0.392177 -1.55645 0.255426 0.258336
1938:8:16:0 -0.487433 -0.746075 0.199037 -0.213914
1938:9:16:0 -0.0701499 -0.334463 0.0766488 0.0587572
1938:10:16:0 -0.580224 -0.143232 0.0794008 -0.548308
1938:11:16:0 -0.453205 -0.421699 0.168142 -0.326426
1938:12:16:0 -0.405298 -0.872327 -0.0861276 0.0739293
1939:1:16:0 -0.421836 -0.252566 -0.105059 -0.243024
1939:2:16:0 -0.552801 -0.2594 -0.180238 -0.332982
1939:3:16:0 -0.399343 -0.487588 -0.220002 -0.0455476
1939:4:16:0 -0.0742606 -0.210339 -0.0180619 0.0399396
1939:5:16:0 -0.0980711 0.163996 -0.143208 -0.108465
1939:6:16:0 -0.0751451 0.400742 -0.188203 -0.181415
1939:7:16:0 0.237784 0.106511 0.103329 0.132864
1939:8:16:0 -0.0354866 0.305512 0.00753113 -0.192008
1939:9:16:0 0.677355 -0.199344 -0.0700103 0.812033
1939:10:16:0 -0.416114 0.147279 -0.256085 -0.361711
1939:11:16:0 0.0896494 0.198653 -0.0819036 0.0312748
1939:12:16:0 0.311726 0.23395 0.0571517 0.166175
1940:1:16:0 0.622989 0.75426 -0.049661 0.27069
1940:2:16:0 0.733754 0.7574 -0.140967 0.425537
1940:3:16:0 0.718885 0.704387 -0.164517 0.44895
1940:4:16:0 0.526483 0.668162 -0.09664 0.240722
1940:5:16:0 0.422811 0.31301 -0.188971 0.360792
1940:6:16:0 0.645338 0.371159 -0.138444 0.52898
1940:7:16:0 0.49811 0.0906578 0.00313408 0.451214
1940:8:16:0 0.465568 0.496262 -0.232893 0.333883
1940:9:16:0 0.220894 0.36229 -0.0426888 0.0610937
1940:10:16:0 0.436581 0.379809 -0.0195287 0.256441
1940:11:16:0 0.673599 0.249714 0.000354945 0.548564
1940:12:16:0 0.884823 0.468668 -0.12449 0.712734
1941:1:16:0 0.847825 0.737569 -0.0660159 0.512048
1941:2:16:0 0.765311 0.965033 -0.0428574 0.304224
1941:3:16:0 0.992133 1.26279 -0.0201894 0.370832
1941:4:16:0 1.04757 1.2749 0.0328178 0.393706
1941:5:16:0 1.01817 1.15007 -0.105532 0.495898
1941:6:16:0 0.665657 0.436665 -0.116448 0.505548
1941:7:16:0 0.712664 0.289805 -0.187218 0.66137
1941:8:16:0 0.658597 0.640629 -0.285212 0.480888
1941:9:16:0 0.633846 0.611729 -0.313876 0.484919
1941:10:16:0 0.840634 0.838091 -0.192677 0.517927
1941:11:16:0 0.967293 1.17772 -0.147489 0.452179
1941:12:16:0 0.994246 1.34396 0.104875 0.26983
1942:1:16:0 0.657319 0.65216 0.0423658 0.310056
1942:2:16:0 0.505121 0.14606 -0.125772 0.494977
1942:3:16:0 0.203854 -0.095559 -0.239404 0.371335
1942:4:16:0 0.539821 -0.371832 -0.0512212 0.751348
1942:5:16:0 0.0662864 -0.171843 0.0910723 0.106672
1942:6:16:0 -0.0481017 -0.690355 -0.0863362 0.340244
1942:7:16:0 -0.0289438 -0.919656 -0.0688942 0.465331
1942:8:16:0 -0.249013 -1.07741 0.00102385 0.289181
1942:9:16:0 -0.386597 -0.862354 0.141086 -0.0259632
1942:10:16:0 -0.478334 -0.872362 0.0337833 -0.0590451
1942:11:16:0 -0.567506 -0.866584 -0.104387 -0.0820202
1942:12:16:0 -0.644735 -0.503108 0.0514023 -0.418882
1943:1:16:0 -0.835066 -0.115017 0.0829205 -0.819018
1943:2:16:0 -0.616413 -0.146781 0.105339 -0.595692
1943:3:16:0 -0.457907 -0.34667 -0.034625 -0.26726
1943:4:16:0 -0.281612 0.135243 0.000565254 -0.349516
1943:5:16:0 -0.0691911 0.332399 0.00925119 -0.240016
1943:6:16:0 0.0236841 0.234874 -0.12363 -0.0319382
1943:7:16:0 0.11691 0.379087 -0.310738 0.0827357
1943:8:16:0 0.176558 0.20421 -0.450237 0.299571
1943:9:16:0 0.0205138 -0.187936 -0.0934624 0.161213
1943:10:16:0 -0.195207 0.309219 0.158722 -0.429178
1943:11:16:0 -0.21895 -0.139866 0.220924 -0.25948
1943:12:16:0 -0.195579 -0.0914286 0.311977 -0.305853
1944:1:16:0 -0.151123 -0.343179 0.215806 -0.0874364
1944:2:16:0 -0.0462636 0.0304164 0.117024 -0.119984
1944:3:16:0 0.0757859 0.161919 -0.124015 0.0568336
1944:4:16:0 0.129199 0.378979 -0.0460217 -0.037279
1944:5:16:0 0.276646 0.167142 0.091389 0.147381
1944:6:16:0 0.179006 0.40822 0.106894 -0.078551
1944:7:16:0 0.330496 0.372123 0.321709 -0.0164198
1944:8:16:0 0.166629 0.249473 0.24246 -0.0793367
1944:9:16:0 0.0944866 0.302476 0.459443 -0.286473
1944:10:16:0 0.138744 -0.0901922 0.159158 0.104261
1944:11:16:0 0.164315 -0.372808 0.343117 0.17916
1944:12:16:0 0.115972 -0.42633 0.508639 0.0748176
1945:1:16:0 -0.0604486 -0.329481 0.53733 -0.164373
1945:2:16:0 -0.128908 0.433318 0.803745 -0.747439
1945:3:16:0 -0.411795 -0.270604 0.449127 -0.501056
1945:4:16:0 -0.48252 0.100467 0.389444 -0.727476
1945:5:16:0 -0.385129 0.554915 0.44402 -0.884596
1945:6:16:0 -0.412334 0.190695 0.348434 -0.681899
1945:7:16:0 -0.273973 0.257856 0.337066 -0.571435
1945:8:16:0 -0.371239 0.316286 0.404967 -0.731865
1945:9:16:0 -0.244549 0.593339 0.0486934 -0.565565
1945:10:16:0 -0.24029 0.539708 0.0174476 -0.518868
1945:11:16:0 -0.0560523 0.584706 0.26369 -0.480251
1945:12:16:0 -0.187833 0.0837632 0.253411 -0.35642
1946:1:16:0 -0.0893732 -0.429735 0.177095 0.0369467
1946:2:16:0 -0.019252 -0.657506 0.487981 0.06551
1946:3:16:0 -0.0922777 -0.569908 0.348107 0.0186231
1946:4:16:0 -0.114163 -0.260596 0.0322321 1.91405e-05
1946:5:16:0 0.0722238 -0.230979 -0.106108 0.240767
1946:6:16:0 0.440991 -0.649897 -0.553309 1.04259
1946:7:16:0 0.219634 -0.359415 -0.476933 0.637808
1946:8:16:0 0.0682751 -0.560213 -0.240034 0.468399
1946:9:16:0 0.284133 0.180688 -0.463906 0.425742
1946:10:16:0 0.159519 -0.280526 -0.31573 0.457646
1946:11:16:0 0.205661 -0.376831 -0.184459 0.486306
1946:12:16:0 0.56147 -0.160331 -0.3111 0.797185
1947:1:16:0 0.38146 0.116834 -0.326508 0.486297
1947:2:16:0 0.0739537 -0.155849 -0.301181 0.302469
1947:3:16:0 0.411928 0.205358 -0.303776 0.461138
1947:4:16:0 0.0116408 -0.0438976 -0.421286 0.244233
1947:5:16:0 -0.0435775 -0.182873 -0.0544259 0.0750719
1947:6:16:0 0.512409 -0.358421 0.116869 0.633185
1947:7:16:0 -0.13171 -0.404578 -0.164112 0.152635
1947:8:16:0 -0.108111 -0.392909 -0.100184 0.138436
1947:9:16:0 -0.441819 -0.254624 -0.0988448 -0.265084
1947:10:16:0 -0.493966 -0.170707 -0.00895277 -0.404136
1947:11:16:0 -0.554637 0.0397635 -0.305957 -0.421541
1947:12:16:0 0.0990686 0.00842336 -0.41589 0.302802
1948:1:16:0 0.124223 -0.0510558 -0.30224 0.300871
1948:2:16:0 -0.169031 0.333776 -0.137256 -0.267291
1948:3:16:0 0.275588 0.411099 -0.181033 0.160555
1948:4:16:0 0.132764 -0.00100373 -0.227124 0.246828
1948:5:16:0 0.412557 0.00788793 -0.372427 0.594826
1948:6:16:0 0.474315 -0.300722 -0.426608 0.83798
1948:7:16:0 0.0471327 -0.555312 -0.301031 0.475304
1948:8:16:0 -0.0574791 -0.108338 -0.244363 0.118871
1948:9:16:0 -0.060132 -0.50346 -0.314718 0.348957
1948:10:16:0 -0.190812 -0.385776 -0.202589 0.10337
1948:11:16:0 -0.069905 -0.0116012 -0.370757 0.121274
1948:12:16:0 -0.0370496 -0.337338 -0.318098 0.290668
1949:1:16:0 -0.00357565 -0.457054 -0.321632 0.385768
1949:2:16:0 0.390946 0.0340855 -0.407716 0.577761
1949:3:16:0 -0.225249 0.248254 -0.365535 -0.166608
1949:4:16:0 0.0889689 0.341153 -0.288341 0.0625632
1949:5:16:0 -0.0431201 0.0540688 -0.435156 0.147424
1949:6:16:0 -0.25711 -0.101436 -0.42678 0.00699717
1949:7:16:0 -0.0542857 -0.672148 -0.316725 0.44015
1949:8:16:0 -0.0267922 -0.549841 -0.32511 0.410683
1949:9:16:0 -0.546087 -0.738622 -0.226229 -0.0636618
1949:10:16:0 -0.425564 -1.0897 -0.119332 0.178953
1949:11:16:0 -0.925256 -1.01478 -0.10967 -0.363033
1949:12:16:0 -0.622468 -0.664918 -0.0696234 -0.255198
1950:1:16:0 -0.449489 -0.957049 -0.287786 0.172929
1950:2:16:0 -0.867424 -1.06914 0.0129344 -0.33932
1950:3:16:0 -0.760606 -0.54573 0.093242 -0.534362
1950:4:16:0 -0.57266 -0.783044 0.00585692 -0.184067
1950:5:16:0 -0.666082 -0.712234 -0.15596 -0.231985
1950:6:16:0 -0.453693 -0.832303 0.0216491 -0.0483664
1950:7:16:0 -0.726173 -0.917926 -0.00611628 -0.264151
1950:8:16:0 -0.664399 -0.296159 -0.0932469 -0.469696
1950:9:16:0 -0.661268 -0.810073 -0.0624379 -0.225012
1950:10:16:0 -0.752103 -0.741914 -0.164733 -0.29878
1950:11:16:0 -0.990374 -1.19519 0.0125883 -0.399073
1950:12:16:0 -0.575284 -0.718981 -0.312058 -0.0597641
1951:1:16:0 -0.90631 -0.116141 -0.218453 -0.739013
1951:2:16:0 -0.713664 -0.291612 -0.246686 -0.444514
1951:3:16:0 -0.601324 -0.327512 -0.352866 -0.261135
1951:4:16:0 -0.374381 0.0158951 -0.302054 -0.231302
1951:5:16:0 -0.0861187 0.224888 -0.328488 -0.0343185
1951:6:16:0 -0.13401 0.696717 -0.120164 -0.422287
1951:7:16:0 0.197042 1.3249 -0.224988 -0.352914
1951:8:16:0 0.317286 1.01243 -0.36978 -0.00403765
1951:9:16:0 0.301106 0.836372 -0.188404 -0.0228774
1951:10:16:0 0.334192 0.926101 -0.194034 -0.031841
1951:11:16:0 0.448665 1.05299 -0.344406 0.094372
1951:12:16:0 0.375633 0.640124 -0.169501 0.140322
1952:1:16:0 0.357918 0.454592 -0.128607 0.194925
1952:2:16:0 0.185111 0.335199 0.0882111 -0.0265938
1952:3:16:0 0.0532683 0.403856 -0.0696842 -0.113818
1952:4:16:0 0.414795 0.0477041 -0.169539 0.475712
1952:5:16:0 0.159421 -0.0381092 -0.128504 0.242728
1952:6:16:0 -0.0512207 -0.11135 -0.0222914 0.0156
1952:7:16:0 -0.167363 -0.494756 -0.060889 0.11046
1952:8:16:0 -0.10701 -0.22403 -0.0710676 0.040539
1952:9:16:0 0.201648 -0.356753 -0.0509828 0.405516
1952:10:16:0 0.104859 -0.189538 0.0804435 0.159407
1952:11:16:0 -0.105188 -0.409142 -0.0278701 0.113318
1952:12:16:0 -0.0784246 -0.195248 -0.126167 0.0822825
1953:1:16:0 0.372059 0.0499515 -0.271985 0.483075
1953:2:16:0 0.0782831 0.441871 0.00405688 -0.144681
1953:3:16:0 0.262812 0.510468 -0.0907435 0.0529491
1953:4:16:0 0.443766 0.737211 -0.245174 0.197747
1953:5:16:0 0.235741 0.781455 -0.193252 -0.0583606
1953:6:16:0 0.269285 0.621653 -0.359763 0.13834
1953:7:16:0 0.271921 0.450299 -0.232697 0.16312
1953:8:16:0 0.164524 0.488001 -0.209975 0.0255108
1953:9:16:0 0.392926 0.626245 -0.286229 0.222919
1953:10:16:0 0.123173 0.178117 -0.17257 0.1204
1953:11:16:0 0.23664 0.149246 -0.222313 0.273173
1953:12:16:0 0.0356543 0.171291 -0.0962445 -0.001869
1954:1:16:0 0.349314 -0.575765 -0.0819707 0.678182
1954:2:16:0 0.142696 -0.25245 -0.150351 0.344096
1954:3:16:0 0.151505 -0.218021 -0.204903 0.362967
1954:4:16:0 0.136585 -1.40712 -0.163793 0.922041
1954:5:16:0 -0.0336389 -1.41347 -0.225394 0.785796
1954:6:16:0 -0.246839 -1.15095 -0.0175378 0.337406
1954:7:16:0 -0.411579 -1.22392 -0.0660613 0.233412
1954:8:16:0 -0.399872 -0.894025 0.0342418 0.0300194
1954:9:16:0 -0.45389 -1.12932 -0.260842 0.241192
1954:10:16:0 -0.394998 -1.25561 -0.0860231 0.275816
1954:11:16:0 -0.626122 -0.950137 -0.124352 -0.0888782
1954:12:16:0 -0.418179 -1.11389 -0.351795 0.314663
1955:1:16:0 -0.423929 -0.41864 -0.0440455 -0.192586
1955:2:16:0 -0.749163 -0.666875 -0.0194527 -0.405999
1955:3:16:0 -0.517962 -0.548104 -0.106713 -0.190554
1955:4:16:0 -0.767738 -0.659857 -0.259161 -0.308229
1955:5:16:0 -0.648576 -1.17849 -0.225439 0.0533895
1955:6:16:0 -0.506628 -1.16152 -0.13716 0.142714
1955:7:16:0 -0.711448 -0.779492 0.0862168 -0.364811
1955:8:16:0 -0.540972 -0.686731 0.144265 -0.269739
1955:9:16:0 -0.671938 -1.0665 0.136217 -0.206797
1955:10:16:0 -1.11638 -1.5159 0.0657182 -0.391288
1955:11:16:0 -0.972075 -1.44429 -0.00184821 -0.249006
1955:12:16:0 -0.937683 -1.17534 -0.150627 -0.2747
1956:1:16:0 -0.786234 -0.948826 -0.198305 -0.212669
1956:2:16:0 -0.769504 -0.584401 -0.145883 -0.404363
1956:3:16:0 -0.692518 -0.18374 -0.178546 -0.511375
1956:4:16:0 -0.538355 -0.500844 -0.229878 -0.172993
1956:5:16:0 -0.501299 -0.742987 -0.291167 0.0157778
1956:6:16:0 -0.728228 -0.597082 -0.28949 -0.284942
1956:7:16:0 -0.712649 -0.291839 0.110877 -0.622168
1956:8:16:0 -0.525104 -0.50834 0.122889 -0.332379
1956:9:16:0 -0.657995 -0.561357 -0.241123 -0.256755
1956:10:16:0 -0.562132 -0.580991 0.0138864 -0.278579
1956:11:16:0 -0.504222 -0.706423 -0.0691133 -0.116454
1956:12:16:0 -0.220629 -0.635756 0.0638155 0.065341
1957:1:16:0 -0.0309772 -0.695795 -0.0588006 0.34632
1957:2:16:0 0.0349981 0.132552 -0.0619372 -0.000309445
1957:3:16:0 0.0230885 0.769167 -0.0461038 -0.338443
1957:4:16:0 0.315998 0.748733 -0.196746 0.0400043
1957:5:16:0 0.427545 1.22096 -0.0109674 -0.17745
1957:6:16:0 0.159633 1.30043 -0.157019 -0.41207
1957:7:16:0 0.30578 1.54612 -0.0618071 -0.436376
1957:8:16:0 0.385071 1.14446 -0.132981 -0.120668
1957:9:16:0 0.450691 1.05275 -0.441544 0.145089
1957:10:16:0 0.543542 0.958858 -0.369442 0.248834
1957:11:16:0 0.649494 0.957441 -0.389034 0.36529
1957:12:16:0 0.682508 0.917249 -0.211914 0.32984
1958:1:16:0 1.0606 0.609133 -0.206428 0.859245
1958:2:16:0 1.02593 0.593087 -0.270641 0.864711
1958:3:16:0 0.871605 0.476078 -0.122012 0.694572
1958:4:16:0 0.477962 0.738793 -0.28867 0.2529
1958:5:16:0 0.563319 0.45663 -0.352641 0.511324
1958:6:16:0 0.415244 0.519654 -0.396746 0.35379
1958:7:16:0 0.254758 0.519168 -0.0734438 0.0318962
1958:8:16:0 0.423678 0.164877 0.087044 0.297718
1958:9:16:0 0.0801041 0.139258 -0.0388149 0.0298825
1958:10:16:0 0.264375 0.0337155 -0.0761845 0.285609
1958:11:16:0 0.327996 0.0654997 -0.243472 0.416982
1958:12:16:0 0.423411 -0.0338578 -0.122651 0.501665
1959:1:16:0 0.418353 -0.160034 -0.286699 0.64172
1959:2:16:0 0.348372 -0.142662 -0.156406 0.497906
1959:3:16:0 0.231964 0.291706 -0.22441 0.198315
1959:4:16:0 0.305396 0.269229 -0.359084 0.350324
1959:5:16:0 0.291265 0.147993 -0.329599 0.382068
1959:6:16:0 -0.0176035 -0.0683986 -0.220878 0.127035
1959:7:16:0 0.0480346 -0.0856197 -0.115346 0.148517
1959:8:16:0 0.0961097 -0.297549 -0.0987946 0.294282
1959:9:16:0 0.0474124 -0.0255211 -0.17286 0.146603
1959:10:16:0 0.144887 0.104791 -0.301135 0.243059
1959:11:16:0 -0.0917532 0.0150895 -0.188319 -0.00513828
1959:12:16:0 -0.0855048 -0.0435554 -0.16622 0.0193827
1960:1:16:0 -0.20642 0.0744707 0.0653465 -0.276329
1960:2:16:0 -0.276602 -0.00452363 0.0267126 -0.287697
1960:3:16:0 -0.189011 0.146067 0.116283 -0.320187
1960:4:16:0 0.0462148 -0.245006 0.0424959 0.14747
1960:5:16:0 0.0535013 -0.0773668 0.135933 0.0242184
1960:6:16:0 -0.11176 -0.285704 -0.091006 0.0765954
1960:7:16:0 -0.0661093 -0.164459 0.151014 -0.0593866
1960:8:16:0 -0.0372312 -0.0736438 -0.0409115 0.0200465
1960:9:16:0 0.0787238 0.112444 0.0901065 -0.0225517
1960:10:16:0 0.0519809 -0.461343 -0.0743066 0.319806
1960:11:16:0 -0.0192973 -0.650838 0.119003 0.24662
1960:12:16:0 0.273014 -0.206838 -0.119299 0.436083
1961:1:16:0 0.00752293 -0.0336774 -0.262212 0.155467
1961:2:16:0 0.0518654 0.38628 0.166701 -0.224625
1961:3:16:0 -0.0761958 0.0902382 -0.01166 -0.115485
1961:4:16:0 -0.126975 0.119039 0.122941 -0.247965
1961:5:16:0 -0.0540364 -0.138577 -0.0771386 0.0538215
1961:6:16:0 0.00268318 -0.116623 -0.187708 0.154849
1961:7:16:0 -0.102313 -0.633209 -0.301812 0.365198
1961:8:16:0 -0.103404 -0.340769 -0.211916 0.172939
1961:9:16:0 -0.108569 -0.652829 -0.375911 0.405801
1961:10:16:0 -0.303393 -0.526812 -0.360498 0.140262
1961:11:16:0 -0.173788 -0.24355 -0.297873 0.0969238
1961:12:16:0 -0.330596 -0.235464 -0.146684 -0.139522
1962:1:16:0 -0.331346 -0.24907 -0.0223321 -0.195645
1962:2:16:0 -0.1648 -0.172062 -0.273095 0.0577787
1962:3:16:0 -0.192967 -0.722268 -0.0737116 0.205023
1962:4:16:0 -0.101835 -1.00541 -0.207158 0.50445
1962:5:16:0 -0.281406 -0.513027 -0.190234 0.0702248
1962:6:16:0 -0.0552139 -0.637839 -0.14306 0.335235
1962:7:16:0 -0.120358 -0.392068 0.0166686 0.067342
1962:8:16:0 -0.120892 -0.132714 -0.112704 0.00181736
1962:9:16:0 -0.247158 -0.307803 -0.142415 -0.0220485
1962:10:16:0 -0.264731 -0.56465 -0.0524818 0.0438352
1962:11:16:0 -0.158864 -0.467738 -0.194607 0.172308
1962:12:16:0 -0.287991 -0.691824 -0.206478 0.16116
1963:1:16:0 -0.190093 -0.120183 -0.144744 -0.0576292
1963:2:16:0 -0.046002 -0.257399 -0.281759 0.223577
1963:3:16:0 0.00427563 0.139189 -0.144513 0.00693771
1963:4:16:0 0.0826911 -0.10035 -0.176268 0.221
1963:5:16:0 -0.00775105 0.194286 -0.0452917 -0.0822481
1963:6:16:0 -0.0726423 0.156269 -0.230949 -0.0353023
1963:7:16:0 0.255962 0.43561 -0.330923 0.203619
1963:8:16:0 0.456946 0.516871 -0.163413 0.280216
1963:9:16:0 0.362887 0.530314 -0.292887 0.244173
1963:10:16:0 0.513726 0.414866 -0.361475 0.487031
1963:11:16:0 0.513225 0.273182 -0.252409 0.502838
1963:12:16:0 0.481967 0.301053 0.057066 0.302907
1964:1:16:0 0.399817 -0.133577 0.00907851 0.462066
1964:2:16:0 0.350952 -0.552717 -0.0829403 0.66878
1964:3:16:0 -0.0691781 -0.542353 -0.0841733 0.244085
1964:4:16:0 -0.0488673 -0.843304 -0.0272979 0.386434
1964:5:16:0 -0.18324 -1.4592 0.0556051 0.518558
1964:6:16:0 -0.339403 -0.99575 0.140903 0.0880206
1964:7:16:0 -0.375163 -0.804298 0.153749 -0.0498887
1964:8:16:0 -0.561854 -1.01028 0.0234142 -0.0684224
1964:9:16:0 -0.787317 -0.45225 0.147532 -0.634958
1964:10:16:0 -0.816666 -0.779316 0.270587 -0.562302
1964:11:16:0 -0.847189 -0.474015 0.0626418 -0.641503
1964:12:16:0 -0.775055 -0.629375 -0.131943 -0.394396
1965:1:16:0 -0.357117 -0.303544 -0.290485 -0.0601024
1965:2:16:0 -0.327883 0.0144826 -0.169282 -0.250484
1965:3:16:0 -0.348998 0.377137 -0.279907 -0.397613
1965:4:16:0 -0.153789 0.801525 -0.197316 -0.455893
1965:5:16:0 -0.0366746 1.18794 -0.177944 -0.541674
1965:6:16:0 0.0891579 1.14038 -0.367314 -0.297373
1965:7:16:0 0.261075 1.06676 -0.847865 0.151628
1965:8:16:0 0.485505 1.13234 -0.531346 0.185007
1965:9:16:0 0.536744 0.886936 -0.493119 0.339835
1965:10:16:0 0.77089 0.760829 -0.468877 0.624915
1965:11:16:0 0.767574 0.8603 -0.444957 0.559903
1965:12:16:0 0.672353 0.893467 -0.549887 0.500562
1966:1:16:0 0.617165 0.701601 -0.381286 0.457007
1966:2:16:0 0.49833 0.157381 -0.344033 0.591657
1966:3:16:0 0.790701 -0.525716 -0.357439 1.23228
1966:4:16:0 0.463591 -0.59292 -0.27511 0.897606
1966:5:16:0 0.370355 -0.668708 -0.386758 0.898088
1966:6:16:0 0.413303 -0.582527 -0.270224 0.839678
1966:7:16:0 0.565198 -0.248675 -0.189877 0.784474
1966:8:16:0 0.427039 -0.251956 -0.0673917 0.586712
1966:9:16:0 0.425788 -0.437063 -0.156295 0.722467
1966:10:16:0 0.278702 -0.354765 -0.134287 0.523228
1966:11:16:0 0.179059 -0.478048 -0.0684014 0.452284
1966:12:16:0 0.114101 -0.554232 -0.090131 0.436283
1967:1:16:0 -0.300661 -0.456908 -0.26726 0.0614228
1967:2:16:0 -0.346492 -0.213428 -0.427193 -0.0261819
1967:3:16:0 -0.128215 -0.368615 -0.377595 0.244891
1967:4:16:0 0.0263548 -0.283206 -0.351371 0.343643
1967:5:16:0 0.144438 -0.39016 -0.326845 0.502941
1967:6:16:0 0.116706 -0.193836 -0.228323 0.327785
1967:7:16:0 0.111689 -0.493523 -0.416832 0.566867
1967:8:16:0 -0.0547963 -0.885686 -0.320321 0.548207
1967:9:16:0 -0.118286 -0.964011 -0.296625 0.512032
1967:10:16:0 -0.00586639 -1.17191 -0.414427 0.7873
1967:11:16:0 0.0214355 -1.02837 -0.552317 0.811777
1967:12:16:0 -0.0172668 -1.03688 -0.47912 0.740732
1968:1:16:0 -0.104613 -0.937489 -0.39648 0.562372
1968:2:16:0 -0.00920052 -0.734088 -0.550452 0.63307
1968:3:16:0 -0.279097 -0.772377 -0.305491 0.259838
1968:4:16:0 -0.173224 -0.733021 -0.0676017 0.227088
1968:5:16:0 -0.0881767 -0.932237 0.194527 0.280678
1968:6:16:0 0.285259 -0.540482 0.444986 0.333007
1968:7:16:0 0.197792 -0.123553 0.483615 0.0177609
1968:8:16:0 0.235586 0.178799 0.252034 0.0201692
1968:9:16:0 0.0810551 0.436667 0.104337 -0.189447
1968:10:16:0 0.410566 0.197598 0.0231079 0.300213
1968:11:16:0 0.650703 0.147671 -0.185775 0.669755
1968:12:16:0 0.588645 0.466262 -0.190746 0.450887
1969:1:16:0 1.00425 0.155983 -0.301176 1.07684
1969:2:16:0 1.10959 -0.00530401 -0.282398 1.25344
1969:3:16:0 0.739701 0.499788 -0.108334 0.543975
1969:4:16:0 0.568698 0.792046 0.0885021 0.128424
1969:5:16:0 0.456882 1.12463 0.0597112 -0.135291
1969:6:16:0 0.245146 0.960859 0.211922 -0.341244
1969:7:16:0 0.236671 0.513835 0.0733979 -0.056946
1969:8:16:0 0.483162 0.410765 -0.0374293 0.296494
1969:9:16:0 0.546266 0.526461 0.103479 0.231296
1969:10:16:0 0.537981 0.948472 0.141072 -0.00679159
1969:11:16:0 0.601047 0.794534 0.022411 0.192575
1969:12:16:0 0.5732 0.832537 0.21153 0.051167
1970:1:16:0 0.523402 0.68024 0.378738 -0.00608647
1970:2:16:0 0.42984 0.00631174 0.173129 0.34012
1970:3:16:0 0.301689 -0.243932 0.305548 0.270881
1970:4:16:0 0.255127 -0.214416 0.150544 0.287062
1970:5:16:0 0.328038 -0.590474 0.191744 0.527404
1970:6:16:0 0.108062 -0.898757 0.172914 0.470983
1970:7:16:0 -0.104471 -1.47935 0.20091 0.534747
1970:8:16:0 -0.260861 -1.19057 0.154746 0.257054
1970:9:16:0 -0.300387 -0.909176 0.276769 0.0158162
1970:10:16:0 -0.425487 -0.648141 0.416768 -0.309801
1970:11:16:0 -0.403492 -0.843914 0.429214 -0.196142
1970:12:16:0 -0.803373 -0.846022 0.291457 -0.52609
1971:1:16:0 -0.985988 -0.859536 0.177682 -0.645061
1971:2:16:0 -0.825379 -1.18763 0.0799444 -0.271538
1971:3:16:0 -0.873028 -0.85403 0.0721684 -0.482097
1971:4:16:0 -0.628264 -0.355632 -0.138051 -0.381423
1971:5:16:0 -0.493101 -0.701882 -0.0775658 -0.103377
1971:6:16:0 -0.5607 -0.843475 -0.22788 -0.0250219
1971:7:16:0 -0.558278 -0.570006 -0.210687 -0.167932
1971:8:16:0 -0.620996 -0.815698 0.0180279 -0.222161
1971:9:16:0 -0.751918 -0.721654 0.289955 -0.536069
1971:10:16:0 -0.478587 -0.852092 0.145274 -0.125178
1971:11:16:0 -0.467778 -0.802285 0.143566 -0.138419
1971:12:16:0 -0.433064 -0.75253 0.0344894 -0.0740439
1972:1:16:0 -0.255668 -0.0380745 0.173505 -0.323383
1972:2:16:0 -0.0170917 0.238646 0.150881 -0.211855
1972:3:16:0 -0.0282984 0.329639 -0.134559 -0.125838
1972:4:16:0 0.307141 0.629677 -0.223645 0.104125
1972:5:16:0 0.454979 0.745187 -0.264219 0.214495
1972:6:16:0 0.438522 1.26592 -0.337056 -0.0259111
1972:7:16:0 0.451498 1.71986 -0.403538 -0.206664
1972:8:16:0 0.445435 2.06264 -0.398656 -0.386558
1972:9:16:0 0.437041 1.52821 -0.357633 -0.148246
1972:10:16:0 0.849634 1.47027 -0.201095 0.215046
1972:11:16:0 0.704995 1.5434 -0.243493 0.0550421
1972:12:16:0 0.87498 1.79294 -0.111453 0.034239
1973:1:16:0 0.85123 1.25435 -0.164946 0.306528
1973:2:16:0 0.573741 0.395131 -0.0707607 0.411556
1973:3:16:0 0.453877 0.0434882 -0.15165 0.507958
1973:4:16:0 0.101316 -0.407666 0.0457077 0.282296
1973:5:16:0 0.0343045 -0.556335 0.113082 0.255931
1973:6:16:0 -0.283282 -0.634179 0.277913 -0.10515
1973:7:16:0 -0.413796 -0.78378 0.308174 -0.175993
1973:8:16:0 -0.62862 -0.896379 0.471496 -0.416178
1973:9:16:0 -0.83603 -0.839491 0.369153 -0.600861
1973:10:16:0 -0.951726 -0.724043 0.28565 -0.732529
1973:11:16:0 -1.14592 -0.669515 0.292732 -0.957529
1973:12:16:0 -1.42075 -0.71322 0.230495 -1.17939
1974:1:16:0 -1.31542 -0.737153 0.00924087 -0.951468
1974:2:16:0 -0.990114 -0.588826 -0.118765 -0.636319
1974:3:16:0 -0.95755 -0.215116 -0.328037 -0.685974
1974:4:16:0 -0.716555 -0.118787 -0.397116 -0.458603
1974:5:16:0 -0.636946 0.0704219 -0.22533 -0.559493
1974:6:16:0 -0.613629 -0.0334802 -0.231499 -0.48114
1974:7:16:0 -0.667045 -0.10628 -0.0584509 -0.584679
1974:8:16:0 -0.448543 -0.00377305 -0.0135836 -0.439865
1974:9:16:0 -0.575807 -0.442621 0.22735 -0.468172
1974:10:16:0 -0.633439 -0.718996 0.139743 -0.343812
1974:11:16:0 -0.688356 -0.523993 -0.127784 -0.362468
1974:12:16:0 -0.681857 -0.708001 -0.224121 -0.215796
1975:1:16:0 -0.489237 -0.704685 -0.169577 -0.0521063
1975:2:16:0 -0.28545 -0.625904 -0.176188 0.115596
1975:3:16:0 -0.505977 -0.157414 -0.115655 -0.369443
1975:4:16:0 -0.555743 -0.0529529 0.0267652 -0.542649
1975:5:16:0 -0.7059 -0.473252 0.0631191 -0.500834
1975:6:16:0 -0.75835 -0.726553 -0.0816899 -0.354229
1975:7:16:0 -0.971539 -0.374833 0.073705 -0.820975
1975:8:16:0 -1.1169 -0.370366 0.184868 -1.02416
1975:9:16:0 -1.37047 -0.811173 0.413452 -1.17161
1975:10:16:0 -1.46656 -0.942045 0.203771 -1.09743
1975:11:16:0 -1.41803 -1.13127 0.183366 -0.944075
1975:12:16:0 -1.43602 -1.18343 -0.0453506 -0.821624
1976:1:16:0 -1.19827 -0.81743 0.0594091 -0.819265
1976:2:16:0 -0.852296 -0.437795 -0.117732 -0.574533
1976:3:16:0 -0.526758 -0.271437 -0.268927 -0.256576
1976:4:16:0 -0.433411 0.104464 -0.333495 -0.318895
1976:5:16:0 -0.472731 0.380181 -0.451329 -0.437157
1976:6:16:0 -0.263538 0.94073 -0.475452 -0.496177
1976:7:16:0 -0.224685 1.23361 -0.316936 -0.683022
1976:8:16:0 -0.204774 1.16811 -0.272259 -0.652698
1976:9:16:0 0.0990977 0.818354 -0.315807 -0.152176
1976:10:16:0 0.283651 0.776474 -0.0660994 -0.0715367
1976:11:16:0 0.408274 0.629717 0.175982 0.00542492
1976:12:16:0 0.156582 0.572314 0.169886 -0.214518
1977:1:16:0 0.239365 0.651747 0.124454 -0.148736
1977:2:16:0 0.181345 0.363869 0.101497 -0.0513378
1977:3:16:0 0.110483 0.243042 -0.0210045 -0.000535533
1977:4:16:0 -0.119196 -0.185851 -0.152601 0.05003
1977:5:16:0 -0.0377699 -0.0104856 -0.0701156 0.00253066
1977:6:16:0 0.17936 0.216864 -0.12296 0.132409
1977:7:16:0 0.442888 0.223828 -0.185557 0.423752
1977:8:16:0 0.408152 -0.284878 -0.0975777 0.59938
1977:9:16:0 0.562635 -0.20797 -0.181675 0.757458
1977:10:16:0 0.631568 -0.0500441 -0.184847 0.749014
1977:11:16:0 0.709454 0.00302995 -0.0616904 0.738784
1977:12:16:0 0.732662 -0.233857 -0.123288 0.911234
1978:1:16:0 0.500757 0.0959051 -0.0945165 0.500062
1978:2:16:0 0.320735 -0.0631034 -0.237547 0.47106
1978:3:16:0 0.084521 -0.266704 0.00633398 0.214706
1978:4:16:0 -0.0625505 -0.380436 -0.0914262 0.17338
1978:5:16:0 0.000726576 -0.539122 0.183931 0.178322
1978:6:16:0 -0.138381 -0.754299 0.456721 0.0104078
1978:7:16:0 0.00299037 -0.434658 0.608826 -0.0840934
1978:8:16:0 -0.072607 -0.609628 0.33404 0.0651871
1978:9:16:0 -0.153323 -0.343463 0.253473 -0.108328
1978:10:16:0 -0.123236 -0.270692 0.00445374 0.0098829
1978:11:16:0 -0.0469838 0.0540488 -0.0935976 -0.0272094
1978:12:16:0 -0.0470434 0.309135 0.0237618 -0.213492
1979:1:16:0 0.133011 0.230309 0.00357997 0.0160659
1979:2:16:0 0.10854 -0.128799 0.0698794 0.138
1979:3:16:0 0.117411 -0.0275094 -0.0841733 0.173252
1979:4:16:0 0.146128 0.373876 -0.110647 0.0145133
1979:5:16:0 -0.0272849 0.322489 0.133921 -0.25549
1979:6:16:0 0.0611094 0.477545 0.170076 -0.262701
1979:7:16:0 -0.00689567 0.305441 -0.0577994 -0.130716
1979:8:16:0 -0.015939 0.501419 -0.1179 -0.207698
1979:9:16:0 0.028718 0.765975 0.140691 -0.424615
1979:10:16:0 0.184917 0.699303 -0.118005 -0.105731
1979:11:16:0 0.149498 0.461463 -0.13432 -0.0140736
1979:12:16:0 0.458601 0.334433 -0.129065 0.355917
1980:1:16:0 0.517348 0.304571 -0.265178 0.497652
1980:2:16:0 0.514961 0.089401 -0.315786 0.628154
1980:3:16:0 0.426808 0.220616 -0.157397 0.395199
1980:4:16:0 0.320693 0.232523 -0.235302 0.322083
1980:5:16:0 0.349118 0.379779 -0.153487 0.235972
1980:6:16:0 0.276479 0.268931 -0.175204 0.229615
1980:7:16:0 0.220282 -0.134519 -0.0599431 0.317513
1980:8:16:0 -0.0275165 -0.0595768 0.117371 -0.0564135
1980:9:16:0 0.0521433 0.116179 -0.0334393 0.0107736
1980:10:16:0 0.195421 -0.144869 -0.0284796 0.282096
1980:11:16:0 0.31921 -0.123317 0.0764473 0.342645
1980:12:16:0 0.237641 -0.269107 0.182772 0.280809
1981:1:16:0 0.0211134 -0.672905 -0.0135071 0.36432
1981:2:16:0 -0.125667 -0.438618 0.0365252 0.0753795
1981:3:16:0 0.108891 -0.11308 0.0241209 0.153371
1981:4:16:0 -0.119958 -0.182722 0.227301 -0.142248
1981:5:16:0 -0.0880056 -0.110175 0.498032 -0.281934
1981:6:16:0 -0.215623 0.0230322 0.452231 -0.453254
1981:7:16:0 -0.286852 -0.182156 0.627507 -0.509528
1981:8:16:0 -0.181247 -0.30862 0.413697 -0.233785
1981:9:16:0 0.0341465 -0.0324424 0.315452 -0.107358
1981:10:16:0 0.0619533 0.0647381 0.227498 -0.0841647
1981:11:16:0 0.0788643 -0.044546 0.290842 -0.0442838
1981:12:16:0 0.168377 0.264001 -0.0223491 0.0475514
1982:1:16:0 0.100292 0.303537 0.174302 -0.138628
1982:2:16:0 0.030144 0.119752 0.0920802 -0.0757721
1982:3:16:0 0.261459 -0.201003 0.122609 0.300655
1982:4:16:0 0.46122 -0.0177205 -0.0229536 0.481557
1982:5:16:0 0.57761 0.394842 -0.0956284 0.428004
1982:6:16:0 0.715072 0.420538 -0.174016 0.591811
1982:7:16:0 0.449882 0.563358 -0.332177 0.334292
1982:8:16:0 0.419888 0.976834 -0.455654 0.159298
1982:9:16:0 0.55547 1.72164 -0.507808 -0.0514469
1982:10:16:0 0.948157 1.98755 -0.436302 0.172534
1982:11:16:0 0.71933 2.45353 -0.414804 -0.300031
1982:12:16:0 0.667116 2.69831 -0.116648 -0.623716
1983:1:16:0 0.765559 2.49725 -0.0388168 -0.463655
1983:2:16:0 0.678465 2.08786 0.0244657 -0.377697
1983:3:16:0 0.509711 2.12485 0.0102539 -0.55784
1983:4:16:0 0.265474 2.47851 0.019045 -0.983302
1983:5:16:0 0.326925 2.90752 -0.113511 -1.07008
1983:6:16:0 0.21226 3.15122 0.138188 -1.43244
1983:7:16:0 -0.0234449 2.83272 0.165409 -1.52251
1983:8:16:0 -0.0947696 2.24758 0.142502 -1.28981
1983:9:16:0 -0.270021 1.46504 0.342786 -1.17393
1983:10:16:0 -0.423823 0.892603 0.344057 -1.04215
1983:11:16:0 -0.463657 0.565361 0.303564 -0.898119
1983:12:16:0 -0.278793 0.518539 0.13792 -0.607023
1984:1:16:0 -0.23049 0.177295 0.345885 -0.49208
1984:2:16:0 -0.253981 -0.0403894 0.380625 -0.424099
1984:3:16:0 -0.364507 0.0771433 0.299785 -0.552971
1984:4:16:0 -0.466805 0.0976273 0.348079 -0.689658
1984:5:16:0 -0.461004 -0.362667 0.277342 -0.418341
1984:6:16:0 -0.384461 -0.459463 0.0600042 -0.184731
1984:7:16:0 -0.186705 -0.166593 0.0642442 -0.13553
1984:8:16:0 -0.25051 -0.120574 0.22053 -0.300488
1984:9:16:0 -0.0104306 -0.0212966 0.381081 -0.190323
1984:10:16:0 -0.402131 -0.250381 0.204729 -0.379305
1984:11:16:0 -0.630949 -0.0871691 0.175006 -0.674867
1984:12:16:0 -0.826224 -0.246638 0.129585 -0.767698
1985:1:16:0 -0.394729 -0.418069 0.0383777 -0.204883
1985:2:16:0 -0.449075 -0.543371 0.153882 -0.254331
1985:3:16:0 -0.562715 -0.291279 0.27835 -0.556251
1985:4:16:0 -0.556975 -0.571174 0.276061 -0.409419
1985:5:16:0 -0.456473 -0.780157 0.213011 -0.1729
1985:6:16:0 -0.416666 -0.715524 0.0623147 -0.0900615
1985:7:16:0 -0.139896 -0.632117 -0.053008 0.202666
1985:8:16:0 -0.0817345 -0.648312 -0.0347903 0.259817
1985:9:16:0 -0.0354869 -0.534393 0.0205269 0.221446
1985:10:16:0 -0.061441 -0.496735 0.123688 0.125082
1985:11:16:0 0.0587982 -0.549492 0.424166 0.121461
1985:12:16:0 0.0762664 -0.37642 0.524459 0.0022466
1986:1:16:0 -0.176887 -0.309067 0.251458 -0.148082
1986:2:16:0 -0.0901408 -0.0267671 0.0978777 -0.125696
1986:3:16:0 -0.0842619 -0.245801 0.168511 -0.0456169
1986:4:16:0 -0.0464179 -0.334856 0.1571 0.0424599
1986:5:16:0 -0.0329885 -0.430976 0.384314 -0.00965733
1986:6:16:0 0.229844 -0.408928 0.300041 0.284288
1986:7:16:0 0.330196 -0.0521882 0.371991 0.170294
1986:8:16:0 0.453978 0.0457377 0.29764 0.282289
1986:9:16:0 0.662458 0.0770291 0.169715 0.539086
1986:10:16:0 0.705337 0.435065 0.281573 0.347018
1986:11:16:0 0.785626 0.528468 0.195311 0.423737
1986:12:16:0 0.671666 0.633385 0.0346498 0.337649
1987:1:16:0 0.675843 0.678867 0.00583331 0.333492
1987:2:16:0 0.716708 0.835057 -0.244179 0.421269
1987:3:16:0 0.78767 0.953494 0.00110607 0.31037
1987:4:16:0 0.509987 1.05318 0.138201 -0.085704
1987:5:16:0 0.586 1.16674 0.188806 -0.0917733
1987:6:16:0 0.798115 0.822166 0.239942 0.267062
1987:7:16:0 0.846857 1.22912 0.0856797 0.189458
1987:8:16:0 0.852843 1.19574 0.120792 0.194579
1987:9:16:0 0.971991 1.40851 0.0905938 0.22244
1987:10:16:0 1.02646 1.33862 0.238377 0.237966
1987:11:16:0 1.03534 1.05904 0.29076 0.360441
1987:12:16:0 0.908528 1.092 0.22601 0.249524
1988:1:16:0 0.757464 0.456941 0.402533 0.327727
1988:2:16:0 0.545167 0.0928174 0.478235 0.259641
1988:3:16:0 0.436634 0.0645018 0.724563 0.0421009
1988:4:16:0 -0.0048859 -0.294168 0.641275 -0.178439
1988:5:16:0 -0.274661 -0.479383 0.575438 -0.322688
1988:6:16:0 -0.382579 -1.11016 0.556427 -0.105715
1988:7:16:0 -0.509397 -0.98423 0.603463 -0.319014
1988:8:16:0 -0.487404 -0.903508 0.761853 -0.416576
1988:9:16:0 -0.537042 -0.846722 0.811269 -0.519315
1988:10:16:0 -1.04534 -0.79216 0.76487 -1.03169
1988:11:16:0 -1.12626 -0.571544 0.648689 -1.16483
1988:12:16:0 -1.04651 -0.691995 0.456062 -0.928544
1989:1:16:0 -1.16838 -0.312004 0.556574 -1.29067
1989:2:16:0 -1.00397 0.0438 0.502315 -1.27703
1989:3:16:0 -0.872823 -0.283824 0.484965 -0.973394
1989:4:16:0 -0.686283 -0.240052 0.488159 -0.810337
1989:5:16:0 -0.487568 -0.63683 0.401729 -0.370017
1989:6:16:0 -0.486424 -0.375021 0.434586 -0.516207
1989:7:16:0 -0.254022 -0.116491 0.582874 -0.487213
1989:8:16:0 -0.277052 -0.21529 0.631144 -0.484979
1989:9:16:0 -0.0519786 -0.189091 0.506454 -0.21066
1989:10:16:0 -0.0641466 -0.163766 0.490689 -0.227608
1989:11:16:0 0.0229763 -0.202154 0.288204 -0.0200488
1989:12:16:0 0.173021 -0.114596 0.163473 0.148583
1990:1:16:0 0.253228 -0.0993683 0.13573 0.235047
1990:2:16:0 0.298493 0.13894 0.2767 0.0906733
1990:3:16:0 0.329222 -0.0733114 0.173428 0.279163
1990:4:16:0 0.263368 0.0390595 0.25562 0.116028
1990:5:16:0 0.316191 0.042908 0.34998 0.119747
1990:6:16:0 0.227433 0.0587009 0.262259 0.0669529
1990:7:16:0 0.419312 -0.269274 0.349351 0.379273
1990:8:16:0 0.49621 -0.168338 0.388599 0.38608
1990:9:16:0 0.468505 -0.0118044 0.0520044 0.448405
1990:10:16:0 0.612749 -0.281879 0.160304 0.673536
1990:11:16:0 0.53609 -0.259303 0.0268422 0.652321
1990:12:16:0 0.663944 -0.119626 -0.0517819 0.749648
1991:1:16:0 0.711318 -0.00946163 -0.025564 0.728831
1991:2:16:0 0.55253 -0.0369383 -0.0306391 0.586318
1991:3:16:0 0.467603 0.068168 -0.0723443 0.469691
1991:4:16:0 0.634918 -0.255552 0.0128157 0.756286
1991:5:16:0 0.647736 0.250012 -0.0779436 0.561702
1991:6:16:0 0.706092 0.401711 0.0303559 0.490058
1991:7:16:0 0.662067 0.685557 0.0889871 0.274795
1991:8:16:0 0.655398 0.160381 0.0423933 0.554011
1991:9:16:0 0.526098 0.148032 -0.0654342 0.484799
1991:10:16:0 0.859903 0.444568 -0.246133 0.760685
1991:11:16:0 0.854046 0.643685 -0.098337 0.581372
1991:12:16:0 0.89833 0.590999 -0.137322 0.671492
1992:1:16:0 0.682124 0.608837 -0.0446352 0.400023
1992:2:16:0 0.678573 0.564833 -0.0227061 0.40751
1992:3:16:0 0.662311 0.801885 0.00600208 0.258367
1992:4:16:0 0.665023 1.23756 0.11396 -0.0107374
1992:5:16:0 0.709862 1.41525 0.109227 -0.0523774
1992:6:16:0 0.573062 0.630553 0.176174 0.169699
1992:7:16:0 0.638266 0.197316 -0.00716569 0.543191
1992:8:16:0 0.419098 0.0571113 0.200771 0.290157
1992:9:16:0 0.438027 -0.126207 0.271021 0.36562
1992:10:16:0 0.340745 0.0347148 0.206993 0.219891
1992:11:16:0 0.326264 0.0515231 -0.0610285 0.331017
1992:12:16:0 0.370899 -0.02986 -0.0566032 0.414131
1993:1:16:0 0.519672 0.168989 -0.0717664 0.471061
1993:2:16:0 0.47518 0.508188 -0.0891718 0.265672
1993:3:16:0 0.411543 0.559394 0.0526463 0.105523
1993:4:16:0 0.535026 0.90991 -0.159618 0.15988
1993:5:16:0 0.562619 1.08932 -0.156917 0.0964188
1993:6:16:0 0.543659 0.753596 0.0814608 0.126131
1993:7:16:0 0.537506 0.449315 0.0472124 0.289242
1993:8:16:0 0.497712 0.364177 0.0380955 0.296575
1993:9:16:0 0.577692 0.326007 -0.0127547 0.421066
1993:10:16:0 0.563579 0.468932 -0.118997 0.388611
1993:11:16:0 0.579567 0.18778 0.224663 0.373346
1993:12:16:0 0.53121 0.154244 0.0971425 0.405516
1994:1:16:0 0.412164 0.287193 0.133535 0.2018
1994:2:16:0 0.241329 -0.0169947 0.281221 0.109216
1994:3:16:0 0.36002 -0.280448 0.316209 0.34214
1994:4:16:0 0.437939 -0.324216 0.29604 0.452027
1994:5:16:0 0.448735 -0.12846 0.232284 0.396822
1994:6:16:0 0.536445 -0.112972 0.182325 0.501769
1994:7:16:0 0.7082 -0.2449 0.0851216 0.788089
1994:8:16:0 0.891327 -0.355891 -0.0368041 1.08767
1994:9:16:0 0.770363 0.119999 -0.131076 0.775902
1994:10:16:0 0.943211 0.676092 -0.0235197 0.616924
1994:11:16:0 0.972903 0.672699 -0.018839 0.645973
1994:12:16:0 0.885291 0.757606 -0.0373008 0.525138
1995:1:16:0 0.849453 0.804769 -0.040333 0.467236
1995:2:16:0 0.799455 0.469008 0.069936 0.529982
1995:3:16:0 0.78461 0.0194077 0.123499 0.713156
1995:4:16:0 0.631649 -0.292193 0.180456 0.687518
1995:5:16:0 0.557754 -0.324046 0.294434 0.57256
1995:6:16:0 0.602658 -0.081849 0.436093 0.425536
1995:7:16:0 0.527252 0.171746 0.478501 0.202129
1995:8:16:0 0.393134 -0.111891 0.594535 0.151812
1995:9:16:0 0.266051 -0.1081 0.495074 0.0725641
1995:10:16:0 0.0613666 -0.116145 0.512711 -0.136916
1995:11:16:0 0.0207706 0.0169586 0.546965 -0.261191
1995:12:16:0 0.0403316 -0.0999572 0.513992 -0.166686
1996:1:16:0 -0.0527898 -0.139656 0.41285 -0.189387
1996:2:16:0 -0.0592128 0.0525662 0.322652 -0.246822
1996:3:16:0 0.0186455 0.271679 0.377465 -0.305927
1996:4:16:0 0.0747388 -0.413852 0.493537 0.034896
1996:5:16:0 -0.021124 -0.229399 0.491402 -0.152125
1996:6:16:0 0.206621 -0.31391 0.483082 0.122036
1996:7:16:0 0.0928418 -0.173274 0.651628 -0.146335
1996:8:16:0 0.00579091 0.0901566 0.568446 -0.32351
1996:9:16:0 0.051932 -0.016319 0.589246 -0.234532
1996:10:16:0 0.106746 -0.198597 0.614877 -0.101394
1996:11:16:0 0.198826 -0.231171 0.49362 0.0676012
1996:12:16:0 0.154656 -0.498718 0.318891 0.244569
1997:1:16:0 0.225504 -0.252169 0.152151 0.275513
1997:2:16:0 0.193112 0.0435399 0.0606982 0.140993
1997:3:16:0 0.234035 0.654939 0.0381334 -0.112501
1997:4:16:0 0.51991 0.67281 0.168906 0.0990518
1997:5:16:0 0.677642 1.48265 0.110746 -0.119056
1997:6:16:0 0.605376 2.18621 0.161533 -0.568495
1997:7:16:0 0.814019 2.61226 -0.00738331 -0.488422
1997:8:16:0 0.915115 3.02782 -0.174643 -0.511474
1997:9:16:0 1.03275 3.08672 -0.112225 -0.454491
1997:10:16:0 1.03384 3.22096 0.163938 -0.658609
1997:11:16:0 1.0925 3.23697 0.070536 -0.56125
1997:12:16:0 0.854095 3.36176 0.289698 -0.971633
1998:1:16:0 0.973675 2.85174 0.0781162 -0.491254
1998:2:16:0 0.803403 2.40872 0.240421 -0.521169
1998:3:16:0 0.584258 2.32795 0.345613 -0.752522
1998:4:16:0 0.297918 2.19877 0.325339 -0.964138
1998:5:16:0 0.2784 2.191 0.397443 -1.01582
1998:6:16:0 -0.00743274 1.5111 0.599217 -1.06259
1998:7:16:0 -0.115118 1.17515 0.954297 -1.17984
1998:8:16:0 -0.248617 1.00313 1.06998 -1.28517
1998:9:16:0 -0.277384 0.529836 1.05082 -1.06771
1998:10:16:0 -0.529633 0.334955 0.9449 -1.16956
1998:11:16:0 -0.615549 0.258702 0.858238 -1.17402
1998:12:16:0 -0.7879 0.209856 0.608175 -1.19692
1999:1:16:0 -0.928308 0.0739126 0.660365 -1.29545
1999:2:16:0 -1.00766 0.252526 0.64599 -1.45692
1999:3:16:0 -0.677643 0.397994 0.683765 -1.21852
1999:4:16:0 -0.545838 -0.246103 0.571952 -0.708762
1999:5:16:0 -0.533547 -0.100913 0.419267 -0.692724
1999:6:16:0 -0.473195 -0.215655 0.385329 -0.558032
1999:7:16:0 -0.4538 -0.234813 0.420703 -0.546745
1999:8:16:0 -0.545256 -0.16208 0.239437 -0.583934
1999:9:16:0 -0.417794 -0.507249 0.456831 -0.392585
1999:10:16:0 -0.472995 -0.5222 0.546444 -0.485117
1999:11:16:0 -0.712177 -0.744137 0.473903 -0.57706
1999:12:16:0 -0.849711 -0.67473 0.549252 -0.786972
2000:1:16:0 -0.93767 -0.660457 0.612836 -0.91386
2000:2:16:0 -1.05453 -0.18839 0.548125 -1.23439
2000:3:16:0 -0.938137 -0.0845744 0.493068 -1.14238
2000:4:16:0 -0.719321 0.404171 0.49508 -1.16895
2000:5:16:0 -0.622224 0.00505078 0.414417 -0.831958
2000:6:16:0 -0.388423 -0.451771 0.265233 -0.295154
2000:7:16:0 -0.257869 -0.355047 0.118842 -0.139766
2000:8:16:0 -0.148923 -0.232299 0.367535 -0.216541
2000:9:16:0 -0.101106 -0.108245 0.425638 -0.259802
2000:10:16:0 -0.204449 -0.168269 0.413934 -0.327282
2000:11:16:0 -0.229262 -0.284688 0.517383 -0.34561
2000:12:16:0 -0.469386 -0.0935036 0.481701 -0.663484
2001:1:16:0 -0.500684 -0.28073 0.689361 -0.705
2001:2:16:0 -0.527105 0.0592536 0.569193 -0.841328
2001:3:16:0 -0.402066 0.527999 0.63351 -0.982821
2001:4:16:0 -0.169616 0.520678 0.600542 -0.730226
2001:5:16:0 -0.047143 -0.0630898 0.433921 -0.232559
2001:6:16:0 0.126601 -0.238951 0.566913 -0.0373796
2001:7:16:0 0.329184 -0.122797 0.332913 0.224126
2001:8:16:0 0.341377 -0.211842 0.39435 0.250123
2001:9:16:0 0.39806 -0.608623 0.453637 0.475553
2001:10:16:0 0.305373 -0.450836 0.565364 0.248109
2001:11:16:0 0.291941 -0.478715 0.580247 0.241175
2001:12:16:0 0.100199 -0.393681 0.416132 0.0889733
2002:1:16:0 0.320757 -0.463461 0.414194 0.345391
2002:2:16:0 0.258806 -0.111934 0.404861 0.112342
2002:3:16:0 0.331446 0.601249 0.409322 -0.17384
2002:4:16:0 0.448201 0.349528 0.504066 0.0214042
2002:5:16:0 0.473531 0.421876 0.37366 0.0757629
2002:6:16:0 0.724908 0.0475587 0.358841 0.521708
2002:7:16:0 0.710692 0.115012 0.187616 0.559378
2002:8:16:0 0.723933 0.0936434 0.0867999 0.633712
2002:9:16:0 0.753317 0.278935 0.0694819 0.579109
2002:10:16:0 0.902748 0.644067 0.314929 0.42325
2002:11:16:0 0.956215 0.821615 0.356789 0.367013
2002:12:16:0 0.851048 0.810688 0.296816 0.297296
2003:1:16:0 0.790911 0.342264 0.265578 0.486989
2003:2:16:0 0.641004 0.11682 0.232348 0.46642
2003:3:16:0 0.657387 -0.0649254 0.208732 0.585484
2003:4:16:0 0.465274 -0.334562 0.446608 0.409251
2003:5:16:0 0.16949 -0.693347 0.462142 0.285093
2003:6:16:0 0.310574 -0.362842 0.347952 0.318019
2003:7:16:0 0.396825 0.0201428 0.500595 0.136457
2003:8:16:0 0.40225 0.377254 0.393344 0.0169508
2003:9:16:0 0.477571 0.00819301 0.429596 0.258677
2003:10:16:0 0.641343 0.35028 0.521021 0.205693
2003:11:16:0 0.585413 0.483123 0.416289 0.135706
2003:12:16:0 0.455831 0.568848 0.254086 0.0443636
2004:1:16:0 0.484075 0.408752 0.316319 0.12154
2004:2:16:0 0.365106 0.278478 0.497156 -0.0227112
2004:3:16:0 0.184445 0.199097 0.544445 -0.187326
2004:4:16:0 0.267893 0.15757 0.409633 -0.0157085
2004:5:16:0 0.345241 -0.318384 0.355848 0.326509
2004:6:16:0 0.402614 -0.266839 0.152639 0.459714
2004:7:16:0 0.585525 -0.207842 0.192441 0.593225
2004:8:16:0 0.678242 -0.0663672 0.0163292 0.703261
2004:9:16:0 0.824355 0.138011 0.100118 0.70529
2004:10:16:0 0.844325 0.31611 -0.00130077 0.68692
2004:11:16:0 0.77812 0.519235 0.106796 0.465104
2004:12:16:0 0.795226 0.553439 0.304341 0.366336
2005:1:16:0 0.856691 0.277041 0.298572 0.568884
2005:2:16:0 0.548409 -0.15547 0.216261 0.518014
2005:3:16:0 0.503251 -0.340071 0.352855 0.496859
2005:4:16:0 0.425049 0.0975141 0.173653 0.289465
2005:5:16:0 0.368539 0.348585 0.250614 0.0689393
2005:6:16:0 0.358408 0.171366 0.295984 0.124733
2005:7:16:0 0.24715 0.32242 0.475772 -0.151946
2005:8:16:0 0.207072 0.204441 0.368721 -0.0795094
2005:9:16:0 0.269753 -0.26354 0.298839 0.252104
2005:10:16:0 0.262891 -0.482591 0.512061 0.248156
2005:11:16:0 0.118806 -0.975631 0.0946507 0.559297
2005:12:16:0 -0.0898089 -0.85867 -0.170642 0.424847
2006:1:16:0 -0.292845 -0.271829 0.323849 -0.318855
2006:2:16:0 -0.434665 0.378851 0.496911 -0.872546
2006:3:16:0 -0.268371 0.0960066 0.405789 -0.519268
2006:4:16:0 -0.0384282 -0.128067 0.363602 -0.156196
2006:5:16:0 0.131229 0.0107449 0.407419 -0.0778527
2006:6:16:0 0.267794 -0.0147298 0.419937 0.0651909
2006:7:16:0 0.306741 0.234999 0.154402 0.11204
2006:8:16:0 0.54429 0.559509 0.00990244 0.259584
2006:9:16:0 0.716578 0.775571 0.266862 0.195361
2006:10:16:0 0.817493 1.00742 -0.0796324 0.353599
2006:11:16:0 0.858395 0.921497 0.0907616 0.352265
2006:12:16:0 0.823507 0.849954 0.243633 0.276714
2007:1:16:0 0.592682 0.652491 0.311789 0.110542
2007:2:16:0 0.367674 0.339777 0.334031 0.0307694
2007:3:16:0 0.286997 -0.0563706 0.181552 0.224406
2007:4:16:0 0.254861 -0.257377 0.169059 0.299019
2007:5:16:0 0.0632207 -0.552696 0.283592 0.197773
2007:6:16:0 0.195606 -0.624635 0.541622 0.237113
2007:7:16:0 0.161775 -0.299144 0.458026 0.0823338
2007:8:16:0 0.0716824 -0.61405 0.377562 0.189926
2007:9:16:0 -0.183108 -0.869701 0.385348 0.059068
2007:10:16:0 -0.418914 -1.00855 0.383808 -0.106541
2007:11:16:0 -0.683939 -1.29843 0.371916 -0.220683
2007:12:16:0 -0.757475 -1.05978 0.480536 -0.467854
2008:1:16:0 -0.989099 -0.723786 0.527455 -0.890933
2008:2:16:0 -1.11053 -0.190819 0.590092 -1.31017
2008:3:16:0 -0.90004 0.155612 0.525606 -1.24065
2008:4:16:0 -0.673487 0.227618 0.467621 -1.02111
2008:5:16:0 -0.561545 0.171322 0.276151 -0.785281
2008:6:16:0 -0.421528 0.33664 0.161964 -0.67083
2008:7:16:0 -0.199714 0.551655 0.31913 -0.635107
2008:8:16:0 -0.116671 0.802759 0.465215 -0.750658
2008:9:16:0 -0.140284 0.41053 0.544352 -0.617725
2008:10:16:0 -0.127186 0.305792 0.570126 -0.565145
2008:11:16:0 -0.251572 0.0545714 0.634085 -0.5959
2008:12:16:0 -0.408809 0.00348904 0.768311 -0.794709
2009:1:16:0 -0.391988 0.0506435 0.615784 -0.725202
2009:2:16:0 -0.349612 0.0652303 0.603617 -0.684036
2009:3:16:0 -0.202504 -0.241168 0.591024 -0.377432
2009:4:16:0 0.0453421 0.358468 0.563387 -0.415586
2009:5:16:0 0.311217 0.547758 0.44431 -0.184817
2009:6:16:0 0.497122 0.779256 0.453994 -0.119503
2009:7:16:0 0.633297 0.913574 0.501761 -0.0743705
2009:8:16:0 0.728442 0.827687 0.401191 0.114003
2009:9:16:0 0.755293 0.602642 0.26361 0.322167
2009:10:16:0 1.00342 0.570596 0.240589 0.597824
2009:11:16:0 1.23026 0.568859 0.16788 0.86189
2009:12:16:0 1.27268 0.831997 0.158892 0.777232
2010:1:16:0 1.17679 0.516677 0.0770434 0.879931
2010:2:16:0 0.893944 0.269024 0.19544 0.661712
2010:3:16:0 0.827877 0.1528 0.386898 0.558028
2010:4:16:0 0.688684 0.57702 0.405211 0.197569
2010:5:16:0 0.296054 0.45919 0.564039 -0.215561
2010:6:16:0 0.051935 -0.0370875 0.736994 -0.298018
2010:7:16:0 -0.210454 -0.466574 0.845653 -0.399994
2010:8:16:0 -0.623875 -0.711835 0.766803 -0.651359
2010:9:16:0 -0.793421 -0.816949 0.770874 -0.770383
2010:10:16:0 -0.934882 -1.07904 0.771057 -0.78089
2010:11:16:0 -0.98829 -0.981786 0.697945 -0.846369
2010:12:16:0 -0.964525 -0.806257 0.739139 -0.930966
2011:1:16:0 -1.0195 -0.582426 0.642291 -1.04943
2011:2:16:0 -0.841228 -0.00937028 0.587064 -1.13007
2011:3:16:0 -0.554327 -0.210776 0.405531 -0.651704
2011:4:16:0 -0.452019 0.0273872 0.326998 -0.629212
2011:5:16:0 -0.33673 0.149487 0.32296 -0.572954
2011:6:16:0 -0.233249 0.331128 0.204064 -0.500846
2011:7:16:0 -0.196971 0.240058 0.0949792 -0.364489
2011:8:16:0 -0.350137 -0.0917043 0.283504 -0.446037
2011:9:16:0 -0.372874 -0.527951 0.333331 -0.275564
2011:10:16:0 -0.439205 -0.516603 0.475128 -0.418467
2011:11:16:0 -0.524471 -0.442057 0.510025 -0.558455
2011:12:16:0 -0.689813 -0.256407 0.67553 -0.899374
2012:1:16:0 -0.638377 -0.211965 0.481891 -0.77334
2012:2:16:0 -0.491687 0.549224 0.503513 -1.01805
2012:3:16:0 -0.333782 0.346381 0.426817 -0.720381
2012:4:16:0 -0.151158 0.544197 0.32069 -0.583602
2012:5:16:0 -0.0970787 0.47495 0.516678 -0.592893
2012:6:16:0 0.0445654 0.913449 0.307669 -0.565994
2012:7:16:0 0.159489 1.01253 0.265626 -0.479592
2012:8:16:0 0.434922 0.627169 0.179505 0.0315851
2012:9:16:0 0.477324 0.404246 0.308935 0.120733
2012:10:16:0 0.500262 0.101388 0.226259 0.336439
2012:11:16:0 0.530481 0.0396892 0.418116 0.301579
2012:12:16:0 0.284634 -0.111981 0.457306 0.111972
2013:1:16:0 0.143634 -0.21526 0.322701 0.0899137
2013:2:16:0 -0.0521572 0.0396567 0.424052 -0.284012
2013:3:16:0 -0.0246657 0.22504 0.548913 -0.411642
2013:4:16:0 0.130346 -0.252287 0.637416 -0.0622183
2013:5:16:0 0.152525 -0.605181 0.682085 0.114073
2013:6:16:0 0.128519 -0.804477 0.593835 0.23384
2013:7:16:0 0.169078 -0.610961 0.67816 0.135478
2013:8:16:0 0.245204 -0.463654 0.622511 0.165775
2013:9:16:0 0.253783 -0.302545 0.663996 0.073057
2013:10:16:0 0.227216 0.100798 0.449517 -0.0479413
2013:11:16:0 0.320901 -0.122487 0.39263 0.18583
2013:12:16:0 0.184138 0.0681132 0.587851 -0.143844
2014:1:16:0 0.0398949 0.226592 0.387572 -0.267187
2014:2:16:0 0.21362 -0.320112 0.272886 0.237233
2014:3:16:0 0.365827 -0.041153 0.313656 0.229576
2014:4:16:0 0.411322 0.079844 0.433859 0.15447
2014:5:16:0 0.487335 0.602817 0.446945 -0.0375456
2014:6:16:0 0.555202 0.945813 0.642053 -0.238731
2014:7:16:0 0.471098 0.937161 0.497688 -0.246326
2014:8:16:0 0.507527 0.724492 0.465373 -0.087406
2014:9:16:0 0.629955 0.330163 0.409412 0.260167
2014:10:16:0 0.676333 0.576936 0.247481 0.264124
2014:11:16:0 0.863151 0.742068 0.299143 0.342545
2014:12:16:0 0.741241 0.551626 0.386833 0.272012
2015:1:16:0 0.778626 0.233618 0.36788 0.477878
2015:2:16:0 0.81424 -0.0964265 0.268208 0.728349
2015:3:16:0 0.738936 0.0584699 0.25993 0.579736
2015:4:16:0 0.959002 0.60291 0.225642 0.544726
2015:5:16:0 0.913867 1.10374 0.316226 0.203886
2015:6:16:0 1.05337 1.54548 0.309767 0.125747
2015:7:16:0 1.15299 1.85759 0.0533658 0.197512
2015:8:16:0 1.24553 1.78187 -0.0308003 0.369999
2015:9:16:0 1.3281 2.07181 0.239199 0.172594
2015:10:16:0 1.29797 2.04969 0.073508 0.236374
2015:11:16:0 1.5747 1.91104 0.181717 0.528316
2015:12:16:0 1.43587 1.96684 0.191684 0.356604
2016:1:16:0 1.35317 1.93949 0.359174 0.203836
2016:2:16:0 1.21345 1.29245 0.340188 0.39713
2016:3:16:0 1.10696 1.33177 0.534124 0.174012
2016:4:16:0 0.946669 0.771171 0.558424 0.281871
2016:5:16:0 0.743462 0.713947 0.704466 0.0342556
2016:6:16:0 0.657064 0.74656 0.875463 -0.153947
2016:7:16:0 0.504312 0.408206 0.907014 -0.153298
2016:8:16:0 0.319657 0.271113 0.909999 -0.270899
2016:9:16:0 0.22821 0.551448 0.964877 -0.529953
2016:10:16:0 0.0237884 0.300736 0.938989 -0.596074
2016:11:16:0 0.0603844 0.373182 0.816399 -0.534406
2016:12:16:0 0.139102 0.28387 0.712752 -0.359209
2017:1:16:0 0.184101 0.630256 0.760281 -0.511167
2017:2:16:0 0.225738 1.08091 0.532102 -0.580767
